servers: 334
{	0	3	1.44	1	0.5	}
{   	1	3	1.44	1	0.5	}
{	401	3	27	17.38	35	}
{	402	3	19	15.26	29	}
{	403	3	30	24.55	38	}
{	404	3	30	31.93	49	}
{	405	3	17	13.61	28	}
{	406	3	73	51.36	39	}
{	407	3	21	20.36	22	}
{	408	3	54	34.05	58	}
{	409	3	35	25.23	41	}
{	410	3	23	13.47	46	}
{	411	3	20	16.39	39	}
{	412	3	33	22.38	38	}
{	413	3	30	23.7	46	}
{	414	3	38	30.4	61	}
{	415	3	36	25.28	58	}
{	416	3	50	35.43	54	}
{	417	3	22	15.06	39	}
{	418	3	33	33.6	89	}
{	419	3	21	18.91	30	}
{	420	3	34	32.51	27	}
{	421	3	19	12.82	22	}
{	422	3	14	11.64	31	}
{	423	3	26	21.26	26	}
{	424	3	16	13.01	32	}
{	425	3	16	11.26	34	}
{	426	3	26	20.4	33	}
{	427	3	69	42.95	72	}
{	428	3	17	12.02	35	}
{	429	3	33	30.05	42	}
{	430	3	92	92.09	114	}
{	2431	3	79	41.97	104	}
{	2430	3	30	22.76	29	}
{	2429	3	24	13.06	22	}
{	2428	3	36	34.78	92	}
{	2427	3	7	11.51	55	}
{	2426	3	45	26.93	28	}
{	2425	3	25	16.59	28	}
{	2424	3	13	8.77	19	}
{	2423	3	16	13.6	32	}
{	2422	3	53	36.22	43	}
{	2420	3	22	17.36	35	}
{	2419	3	28	15.95	86	}
{	2418	3	30	23.94	48	}
{	2417	3	40	22.72	26	}
{	2416	3	74	53.74	71	}
{	2415	3	82	62.7	83	}
{	2414	3	25	17.41	36	}
{	2413	3	39	30.8	78	}
{	2412	3	18	22.31	60	}
{	2411	3	54	34.09	56	}
{	2410	3	25	19.12	25	}
{	2409	3	42	26.44	20	}
{	2408	3	41	35.01	49	}
{	2407	3	23	17.26	32	}
{	2406	3	24	12.64	19	}
{	2405	3	17	21.01	54	}
{	2404	3	31	19.61	19	}
{	2403	3	30	32.87	48	}
{	2402	3	27	24.11	23	}
{	101	3	8	11.7	95	}
{	102	3	8	4.47	51	}
{	103	3	25	8.45	107	}
{	104	3	29	14.8	61	}
{	105	3	20	9.08	36	}
{	106	3	24	13.7	31	}
{	107	3	60	38.57	53	}
{	108	3	55	41.52	142	}
{	241700	3	56	27.56	49	}
{	11100	3	47	22.15	53	}
{	112	3	37	14.94	36	}
{	113	3	21	14.04	42	}
{	114	3	71	22.12	53	}
{	115	3	10	28.34	71	}
{	116	3	56	12.23	33	}
{	117	3	114	47.7	57	}
{	118	3	1	33.23	93	}
{	119	3	48	15.59	29	}
{	120	3	36	23.98	53	}
{	121	3	30	8.39	25	}
{	122	3	121	21.24	49	}
{	240500	3	26	24.12	85	}
{	12500	3	14	11.97	95	}
{	126	3	27	8.67	27	}
{	127	3	42	13.6	81	}
{	128	3	37	12.71	35	}
{	129	3	16	4.89	21	}
{	130	3	14	8.42	50	}
{	131	3	20	9.97	31	}
{	132	3	96	46.58	43	}
{	2131	3	34	17.37	48	}
{	2130	3	14	7.035	27	}
{	2129	3	16	8.08	40	}
{	2128	3	15	9.51	31	}
{	2127	3	94	44	44	}
{	2126	3	38	19.93	46	}
{	2125	3	16	7.81	46	}
{	2124	3	22	9.92	52	}
{	212311	3	47	25.97	55	}
{	40511	3	54	25.53	110	}
{	2120	3	52	33.78	56	}
{	2119	3	33	16.87	54	}
{	2118	3	41	22.68	41	}
{	2117	3	19	9.83	45	}
{	2116	3	36	25.67	44	}
{	2115	3	50	30.79	80	}
{	2114	3	47	25.27	48	}
{	2113	3	39	22.35	38	}
{	2112	3	33	14.23	57	}
{	2111	3	58	28.87	62	}
{	211011	3	51	27.89	86	}
{	41711	3	33	17.81	48	}
{	2108	3	25	20.62	38	}
{	2107	3	14	5.93	41	}
{	2106	3	14	8.02	33	}
{	2105	3	16	6.29	51	}
{	2104	3	29	11.03	111	}
{	2103	3	14	4.64	42	}
{	2102	3	28	18.29	31	}
{	301	3	50	19.98	25	}
{	42831	3	8	12.28	48	}
{	30531	3	52	14.85	59	}
{	306	3	24	19.88	47	}
{	307	3	28	22.2	35	}
{	308	3	34	33.87	86	}
{	309	3	49	29.69	58	}
{	310	3	19	9.9	23	}
{	311	3	63	78.77	114	}
{	312	3	48	36.5	78	}
{	313	3	17	10.18	37	}
{	314	3	35	24.41	30	}
{	315	3	34	16.85	35	}
{	316	3	14	7.48	22	}
{	317	3	49	31.7	33	}
{	241631	3	24	23.1	31	}
{	32131	3	43	31.95	38	}
{	322	3	38	28.65	17	}
{	323	3	67	29.66	35	}
{	324	3	33	20.74	34	}
{	325	3	102	95.59	94	}
{	2326	3	84	38.17	90	}
{	2325	3	35	20.35	34	}
{	2324	3	70	45.57	83	}
{	2323	3	17	12.07	21	}
{	232132	3	70	41.26	70	}
{	41532	3	62	41.78	80	}
{	2318	3	12	7.69	30	}
{	2317	3	17	10.34	35	}
{	2316	3	22	35.72	57	}
{	2314	3	58	42.11	26	}
{	2313	3	114	74.77	50	}
{	2312	3	42	26.56	54	}
{	2311	3	4	10.72	46	}
{	2310	3	54	24.52	59	}
{	2309	3	8	13.49	94	}
{	2308	3	36	20	29	}
{	2307	3	9	14.4	52	}
{	2306	3	28	19.54	39	}
{	230532	3	78	25.95	96	}
{	242832	3	74	33.19	64	}
{	201	3	16	11.34	18	}
{	202	3	23	19.79	36	}
{	203	3	17	14.99	20	}
{	204	3	9	6.51	20	}
{	205	3	21	22.16	29	}
{	241221	3	27	22.13	40	}
{	20821	3	29	18.86	44	}
{	209	3	23	16.53	26	}
{	210	3	25	19.75	52	}
{	211	3	48	38.57	109	}
{	212	3	11	13.06	25	}
{	213	3	23	17.82	47	}
{	214	3	14	17.73	32	}
{	215	3	34	43.73	47	}
{	230921	3	20	15.36	60	}
{	21821	3	8	5.95	25	}
{	219	3	8	6.42	24	}
{	220	3	15	10.85	45	}
{	221	3	34	40.23	45	}
{	2222	3	33	12.17	23	}
{	2221	3	10	14.36	81	}
{	2220	3	8	9.53	41	}
{	2219	3	28	17.24	32	}
{	221822	3	56	30.11	48	}
{	30922	3	82	49.71	84	}
{	2215	3	21	11.13	43	}
{	2214	3	40	27.3	61	}
{	2213	3	34	20.34	26	}
{	2212	3	89	30.34	62	}
{	2211	3	27	23.41	86	}
{	2210	3	33	24.67	31	}
{	2209	3	39	15.7	32	}
{	220822	3	22	30.11	65	}
{	41222	3	24	16.95	45	}
{	2205	3	15	6.61	16	}
{	2204	3	30	16.73	24	}
{	2203	3	22	17.17	54	}
{	2202	3	33	41.25	60	}
{	7601	3	27	25.18	30	}
{	306761	3	16	18.21	25	}
{	2228761	3	26	43.18	26	}
{	7611	3	16	18.82	31	}
{	7612	3	9	15.04	19	}
{	7613	3	17	22.33	18	}
{	7614	3	33	46.47	31	}
{	7615	3	16	20.92	30	}
{	7616	3	6	6.24	17	}
{	7617	3	5	5.42	12	}
{	132761	3	7	10.46	15	}
{	7620761	3	20	12.28	59	}
{	7621	3	6	5.45	12	}
{	7622	3	8	9.17	25	}
{	7623	3	13	14.8	34	}
{	7624	3	4	5.48	13	}
{	7625	3	18	42.47	30	}
{	27626	3	20	12.31	26	}
{	27625	3	5	2.99	18	}
{	27624	3	24	13.47	58	}
{	27623	3	8	5.88	23	}
{	27622	3	13	6.68	41	}
{	27621	3	33	26.85	101	}
{	2131762	3	21	13.28	41	}
{	2130762	3	9	6.3	21	}
{	27617	3	15	9.51	43	}
{	27616	3	38	16.51	57	}
{	27615	3	22	18.22	32	}
{	27614	3	16	10.59	41	}
{	27613	3	22	17.8	45	}
{	27612	3	36	26.09	50	}
{	27611	3	41	33.83	62	}
{	212762	3	10	8.52	31	}
{	2306762	3	33	23.85	52	}
{	40024001	3	7.58	6.22	0	}
{	40034002	3	4.26	3.49	0	}
{	40044003	3	17.41	14.28	0	}
{	40054003	3	1.37	1.12	0	}
{	40064005	3	3.05	2.53	0	}
{	40074006	3	3.93	3.25	0	}
{	40084007	3	8.84	7.31	0	}
{	40094008	3	3.27	2.71	0	}
{	40104009	3	6.00	4.96	0	}
{	40114010	3	6.33	5.23	0	}
{	40124011	3	6.65	5.51	0	}
{	40134012	3	3.05	2.53	0	}
{	40144013	3	4.47	3.70	0	}
{	40154014	3	6.33	5.23	0	}
{	40164015	3	3.16	2.62	0	}
{	40184016	3	10.36	8.57	0	}
{	40194018	3	7.64	6.32	0	}
{	40204019	3	30.54	25.27	0	}
{	40214020	3	33.05	27.35	0	}
{	40114004	3	6.00	4.96	0	}
{	40184004	3	54.54	45.13	0	}
{	40224019	3	119.33	98.74	0	}
{	40224020	3	101.99	84.39	0	}						
{	40244023	3	82.03	67.87	0	}						
{	40014002	3	7.58	6.22	0	}
{	40024003	3	4.26	3.49	0	}
{	40034004	3	38.83	32.13	0	}
{	40034005	3	1.37	1.12	0	}
{	40054006	3	3.05	2.53	0	}
{	40064007	3	3.93	3.25	0	}
{	40074008	3	8.84	7.31	0	}
{	40084009	3	3.27	2.71	0	}
{	40094010	3	6.00	4.96	0	}
{	40104011	3	6.33	5.23	0	}
{	40114012	3	6.65	5.51	0	}
{	40124013	3	3.05	2.53	0	}
{	40134014	3	4.47	3.70	0	}
{	40144015	3	6.33	5.23	0	}
{	40154016	3	3.16	2.62	0	}
{	40164018	3	10.36	8.57	0	}
{	40184019	3	7.64	6.32	0	}
{	40194020	3	30.54	25.27	0	}
{	40204021	3	33.05	27.35	0	}
{	40194022	3	119.33	98.74	0	}
{	40204022	3	101.99	84.39	0	}						
{	40234024	3	82.03	67.87	0	}						
{	40044011	3	6.00	4.96	0	}
{	40044018	3	54.54	45.13	0	}
{	7735	3	80	8	0.5	}
{	7734	3	77	7.7	0.5	}
{	7733	3	71	7.1	0.5	}
{	7732	3	49	4.9	0.5	}
{	7731	3	82	8.2	0.5	}
{	7730	3	64	6.4	0.5	}
{	7729	3	89	8.9	0.5	}
{	7728	3	99	9.9	0.5	}
{	7727	3	49	4.9	0.5	}
{	7726	3	120	12	0.5	}
{	7725	3	44	4.4	0.5	}
{	7724	3	58	5.8	0.5	}
{	7723	3	113	11.3	0.5	}
{	7722	3	89	8.9	0.5	}
{	7721	3	80	8	0.5	}
{	7720	3	127	12.7	0.5	}
{	7719	3	91	9.1	0.5	}
{	7718	3	67	6.7	0.5	}
{	7717	3	72	7.2	0.5	}
{	7716	3	80	8	0.5	}
{	7715	3	144	14.4	0.5	}
{	7714	3	117	11.7	0.5	}
{	7713	3	263	26.3	0.5	}
{	7712	3	51	5.1	0.5	}
{	7711	3	189	18.9	0.5	}
{	7710	3	301	30.1	0.5	}
{	7709	3	238	23.8	0.5	}
{	7708	3	152	15.2	0.5	}
{	7707	3	250	25	0.5	}
{	7706	3	74	7.4	0.5	}
{	7705	3	226	22.6	0.5	}
{	7704	3	144	14.4	0.5	}
{	7703	3	232	23.2	0	}
{	7702	3	314	31.4	0	}
{	7701	3	90	9	0	}
{	1777	3	33	3.3	0.5	}
{	1776	3	47	4.7	0.5	}
{	1775	3	19	19	0.5	}
{	1774	3	116	11.6	0.5	}
{	1773	3	89	8.9	0.5	}
{	1772	3	53	5.3	0.5	}
{	1771	3	100	10	0.5	}
{	1770	3	142	14.2	0.5	}
{	1769	3	35	3.5	0.5	}
{	1768	3	61	6.1	0.5	}
{	1767	3	83	8.3	0.5	}
{	1766	3	73	7.3	0.5	}
{	1765	3	93	9.3	0.5	}
{	1764	3	136	13.6	0.5	}
{	1763	3	100	10	0.5	}
{	1762	3	19	1.9	0.5	}
{	1761	3	120	12	0.5	}
{	1760	3	40	4	0.5	}

nodes: 633
{	1	3	28238	29971	}	
{	2	3	28613	30671	}	
{	3	3	28435	31992	}	
{	4	3	29450	33566	}	
{	5	3	30539	35740	}	
{	6	3	31067	36010	}	
{	7	3	30924	36806	}	
{	8	3	30019	37203	}	
{	9	3	30266	38179	}	
{ 	10	3	30561	38646	}	
{	11	3	30060	38938	}	
{	12	3	29317	38899	}	
{	13	3	28453	39160	}	
{	14	3	27777	39770	}	
{	15	3	27245	40749	}	
{	16	3	26349	41133	}	
{	17	3	25239	41630	}	
{	18	3	24641	42066	}	
{	19	3	24616	42574	}	
{	20	3	32191	34386	}	
{	21	3	32012	35807	}	
{	22	3	31743	36283	}	
{	23	3	26630	40249	}	
{	24	3	25926	40390	}	
{	25	3	25107	40510	}	
{	26	3	24070	40870	}	
{	27	3	22927	41623	}	
{	28	3	22089	42757	}	
{	29	3	21326	43693	}	
{ 	30	3	20371	43807	}	
{	31	3	20167	45125	}	
{	32	3	19969	46780	}	
{	33	3	18795	47168	}	
{	34	3	17930	47997	}	
{	35	3	16771	47614	}	
{	36	3	16173	47564	}	
{	37	3	19897	30322	}	
{	38	3	20509	30528	}	
{	39	3	22165	31226	}	
{	40	3	22862	32512	}	
{	41	3	24258	33339	}	
{	42	3	24889	34286	}	
{	43	3	24902	34966	}	
{	44	3	25601	35386	}	
{	45	3	26541	35540	}	
{	46	3	27382	36820	}	
{ 	47	3	28335	37084	}	
{	48	3	28875	37539	}	
{	49	3	30619	37380	}	
{	50	3	16788	34430	}	
{	51	3	17444	33764	}	
{	52	3	18218	33590	}	
{	53	3	19064	34158	}	
{	54	3	19658	35049	}	
{	55	3	19725	35783	}	
{	56	3	20350	35980	}	
{	57	3	21106	36450	}	
{	58	3	22130	36406	}	
{	59	3	22925	36738	}	
{ 	60	3	23644	36858	}	
{	61	3	24405	37128	}	
{	62	3	25392	37249	}	
{	63	3	26628	37256	}	
{	64	3	27270	37384	}	
{	65	3	28222	37024	}	
{	66	3	28457	36462	}	
{	67	3	29202	36067	}	
{	68	3	29786	36345	}	
{	69	3	30002	36954	}	
{	70	3	30681	39203	}	
{	71	3	30840	39890	}	
{	72	3	31083	40914	}	
{	73	3	31030	41417	}	
{	74	3	30565	41933	}	
{ 	75	3	30669	42648	}	
{	76	3	30510	43302	}	
{	77	3	29650	43742	}	
{	78	3	29476	44208	}	
{	79	3	29140	44906	}	
{	80	3	28354	45724	}	
{	81	3	31723	41285	}	
{	82	3	32529	41313	}	
{	83	3	33165	41660	}	
{	84	3	33118	42465	}	
{ 	85	3	34110	43348	}	
{	86	3	34270	44402	}	
{	87	3	31776	41755	}	
{	88	3	31834	42344	}	
{	89	3	32066	43096	}	
{	90	3	31481	44057	}	
{	91	3	31287	44724	}	
{	92	3	31432	45532	}	
{	93	3	32064	46941	}	
{	94	3	32551	47967	}	
{	95	3	21419	28460	}	
{	96	3	21943	28820	}	
{	97	3	22923	29624	}	
{	98	3	24536	32711	}	
{	99	3	25369	33523	}	
{	100	3	26098	34107	}	
{	101	1	28238	29971	}	
{	102	2	28238	29971	1	}
{	103	1	32191	34386	}	
{	104	2	32191	34386	1	}
{	105	1	16173	47564	}	
{	106	2	16173	47564	1	}
{	107	1	24616	42574	}	
{	108	2	24616	42574	1	}
{	109	1	16788	34430	}	
{	110	2	16788	34430	1	}
{	111	1	22130	36406	}	
{	112	2	22130	36406	1	}
{	113	1	25392	37249	}	
{	114	2	25392	37249	1	}
{	115	1	27463	45121	}	
{	116	2	27463	45121	1	}
{	117	1	32551	47967	}	
{	118	2	32551	47967	1	}
{	119	1	34270	44402	}	
{	120	2	34270	44402	1	}
{	121	1	19897	30322	}	
{	122	2	19897	30322	1	}
{	123	1	21419	28460	}	
{	124	2	21419	28460	1	}
{	125	1	30619	37380	}	
{	126	2	30619	37380	1	}
{	400	3	32095	36841	}	
{	401	3	31797	36695	}	
{	402	3	31859	36469	}	
{	403	3	31730	36316	}	
{	404	3	31255	36108	}	
{	405	3	31029	36004	}	
{	406	3	30656	35840	}	
{	407	3	30346	35762	}	
{	408	3	30083	35676	}	
{	409	3	29816	35818	}	
{	410	3	29496	35988	}	
{	411	3	29188	36102	}	
{	412	3	28964	36289	}	
{	413	3	28555	36477	}	
{	414	3	28242	37128	}	
{	415	3	28115	37344	}	
{	416	3	27762	37364	}	
{	417	3	27711	37802	}	
{	418	3	28308	38920	}	
{	419	3	28420	39236	}	
{	420	3	28615	39174	}	
{	421	3	28822	39093	}	
{	422	3	29098	39016	}	
{	423	3	29314	38961	}	
{	424	3	29626	38938	}	
{	425	3	29673	39118	}	
{	426	3	29798	39535	}	
{	427	3	30038	39830	}	
{	428	3	30445	39990	}	
{	429	3	30864	39919	}	
{	430	3	31140	40918	}	
{	432	1	32095	36841	}	
{	433	2	31140	40918	1	}
{	434	1	31140	40918	}	
{	435	2	32095	36841	1	}
{	1000	3	25789	38743	}	
{	1001	3	25924	38483	}	
{	1002	3	26138	38315	}	
{	1003	3	26572	38151	}	
{	1004	3	26892	38104	}	
{	1005	3	27216	38001	}	
{	1006	3	27491	37833	}	
{	1007	3	27711	37802	}	
{	1011	3	28554	37133	}	
{	1012	3	28951	37224	}	
{	1013	3	29191	37279	}	
{	1014	3	29517	37199	}	
{	1015	3	29632	37113	}	
{	1016	3	29976	36932	}	
{	1017	3	30413	36826	}	
{	1018	3	30579	36767	}	
{	1019	3	30660	36542	}	
{	1020	3	30747	36356	}	
{	1021	3	31020	36410	}	
{	1025	3	32162	35754	}	
{	1026	3	32138	35417	}	
{	1027	3	32477	35551	}	
{	1028	3	32580	35732	}	
{	1029	3	32646	35994	}	
{	1030	3	32797	36068	}	
{	1031	3	32903	36276	}	
{	1032	3	33118	36096	}	
{	1033	1	25789	38743	}	
{	1034	2	33118	36096	1	}
{	1035	1	33118	36096	}	
{	1036	2	25789	38743	1	}
{	3000	3	29675	39750	}	
{	3005	3	31405	39628	}	
{	3006	3	31170	39308	}	
{	3007	3	31208	38995	}	
{	3008	3	30605	38697	}	
{	3009	3	30308	38278	}	
{	3010	3	30202	38001	}	
{	3011	3	29954	37670	}	
{	3012	3	29488	37760	}	
{	3013	3	29153	37732	}	
{	3014	3	28944	37675	}	
{	3015	3	28475	37579	}	
{	3016	3	28328	37505	}	
{	3021	3	28409	36039	}	
{	3022	3	28304	35867	}	
{	3023	3	28038	35554	}	
{	3024	3	27804	35374	}	
{	3025	3	28207	35001	}	
{	3027	1	28207	35001	}	
{	3028	2	28207	35001	1	}
{	3029	1	29675	39750	}	
{	3030	2	29675	39750	1	}
{	2000	3	29206	35368	}	
{	2001	3	28978	35471	}	
{	2002	3	29005	35688	}	
{	2003	3	28922	35759	}	
{	2004	3	29038	35931	}	
{	2008	3	30077	36254	}	
{	2009	3	30224	36442	}	
{	2010	3	30581	36938	}	
{	2011	3	30574	37164	}	
{	2012	3	30588	37490	}	
{	2013	3	30729	37925	}	
{	2014	3	30697	38375	}	
{	2018	3	31636	39284	}	
{	2019	3	31906	39354	}	
{	2020	3	32136	39434	}	
{	2021	3	32072	39699	}	
{	2023	1	32072	39699	}	
{	2024	2	32072	39699	1	}
{	2025	1	29206	35368	}	
{	2026	2	29206	35368	1	}
{	7600	3	31572	39873	}	
{	7610	3	30777	37180	}	
{	7611	3	31268	37318	}	
{	7612	3	31709	37283	}	
{	7613	3	32003	37114	}	
{	7614	3	32148	36849	}	
{	7615	3	32390	36404	}	
{	7616	3	32773	36364	}	
{	7620	3	32790	35557	}	
{	7621	3	32768	35355	}	
{	7622	3	32426	35299	}	
{	7623	3	32364	35100	}	
{	7624	3	32503	34779	}	
{	7625	3	32370	34521	}	
{	7628	1	31572	39873	}	
{	7631	2	32223	34352	1	}
{	7630	1	32223	34352	}	
{	7629	2	31572	39873	1	}
{	2230	3	26898	33771	}	
{	2231	3	26098	34107	}	
{	2232	3	25159	34411	}	
{	2233	3	24889	34286	}	
{	2234	3	24078	34402	}	
{	2235	3	24162	34685	}	
{	2236	3	24094	34973	}	
{	2237	3	24653	36003	}
{	2238	3	24653	36003	}
{	2200	3	25266	37335	}	
{	2201	3	25430	37868	}	
{	2202	3	26131	38196	}	
{	2203	3	27141	39164	}	
{	2204	3	27518	39354	}	
{	2205	3	27885	39715	}	
{	2206	3	27899	40262	}	
{	2207	3	28303	40991	}	
{	2208	3	28814	41294	}	
{	2209	3	29396	41416	}	
{	2210	3	30294	41518	}	
{	2211	3	31011	41419	}	
{	2212	3	31067	40847	}	
{	2213	3	31557	40515	}	
{	2214	3	31866	40419	}	
{	2215	3	32185	40416	}	
{	2216	3	32703	40077	}
{	2217	3	33401	39937	}
{	2218	1	26898	33771	}	
{	2219	2	26898	33771	1	}
{	2220	1	33401	39937		}	
{	2221	2	33401	39937	1	}
{	3600	3	5619	53635	}	
{	3601	3	6619	56957	}	
{	3602	3	7605	54526	}	
{	3603	3	12816	53289	}	
{	3604	3	17531	52458	}	
{	3605	3	21353	51699	}	
{	3606	3	23752	50217	}	
{	3607	3	25546	48125	}	
{	3608	3	26468	46209	}	
{	3609	3	27280	43340	}	
{	3610	3	28344	40753	}	
{	3611	3	30155	39253	}	
{	3612	3	29732	37596	}	
{	3613	3	29627	37442	}	
{	3614	3	28046	36529	}	
{	3615	3	26824	33595	}	
{	3616	3	26267	32048	}	
{	3617	3	24015	28946	}	
{	3618	3	23218	26867	}	
{	3619	3	22276	25202	}	
{	3620	3	21730	23751	}	
{	3621	3	20973	21395	}	
{	3622	3	20040	16499	}	
{	3623	3	18771	9677	}	
{	3625	2	17560	4710	0	}
{	3626	1	5619	53635	}	
{	3627	1	18771	9677	}	
{	3628	2	5619	53635	0	}
{	3500	3	25229	85446	}	
{	3501	3	24622	85977	}	
{	3502	3	24638	84140	}	
{	3503	3	22067	76258	}	
{	3504	3	23464	70743	}	
{	3505	3	28553	64589	}	
{	3506	3	29856	62894	}	
{	3507	3	31086	62030	}	
{	3508	3	33077	60510	}	
{	3509	3	32971	60577	}	
{	3510	3	34391	58307	}	
{	3511	3	34745	55490	}	
{	3512	3	35661	49708	}	
{	3513	3	34194	48648	}	
{	3519	3	32734	47777	}	
{	3520	3	20540	31905	}	
{	3521	3	18672	29783	}	
{	3522	3	16667	27507	}	
{	3523	3	14995	24372	}	
{	3524	3	12089	21505	}	
{	3525	3	5412	18176	}	
{	3526	3	-2760	10401	}	
{	3529	1	25229	85446	}	
{	3530	2	-2760	10401	0	}
{	3531	1	-2760	10401	}	
{	3532	2	25229	85446	0	}
{	7200	3	16067	47539	}	
{	7201	3	16828	47558	}	
{	7202	3	16707	47053	}	
{	7203	3	16709	46837	}	
{	7204	3	17101	46871	}	
{	7205	3	17430	46855	}	
{	7206	3	18827	46974	}	
{	7207	3	19837	46809	}	
{	7208	3	21814	48050	}	
{	7209	3	23157	49194	}	
{	7210	3	23250	49656	}	
{	7211	3	23213	49791	}	
{	7212	3	23517	49883	}	
{	7213	3	23848	49955	}	
{	7214	3	24266	49376	}	
{	7215	3	25505	48103	}	
{	7216	3	26610	47300	}	
{	7217	3	27250	46434	}	
{	7218	3	28260	45773	}	
{	7219	3	29086	44990	}	
{	7220	3	29484	45451	}	
{	7221	3	29666	45337	}	
{	7222	3	29893	45204	}	
{	7223	3	30247	45050	}	
{	7224	3	30658	44999	}	
{	7225	3	31087	45156	}	
{	7226	3	31356	45107	}	
{	7227	3	31453	45430	}	
{	7228	3	32112	45246	}	
{	7229	3	33243	45081	}	
{	7230	3	33712	44788	}	
{	7231	3	33885	44550	}	
{	7233	2	34042	44606	0	}
{	7234	1	16067	47539	}	
{	7236	2	16067	47539	0	}
{	7235	1	34042	44606	}	
{	7300	3	21506	43718	}	
{	7301	3	21327	44643	}	
{	7302	3	20863	44763	}	
{	7303	3	20821	45337	}	
{	7304	3	21213	45436	}	
{	7305	3	21217	45181	}	
{	7306	3	21594	44918	}	
{	7307	3	21638	44696	}	
{	7308	3	21742	44221	}	
{	7309	3	22100	44150	}	
{	7310	3	22175	43410	}	
{	7311	3	22822	43056	}	
{	7312	3	23502	42843	}	
{	7313	3	24101	42780	}	
{	7314	3	24614	42599	}	
{	7315	3	24932	42889	}	
{	7316	3	25236	42683	}	
{	7317	3	26394	42902	}	
{	7318	3	26901	43170	}	
{	7319	3	27112	43377	}	
{	7320	3	28638	43129	}	
{	7321	3	29173	43747	}	
{	7322	3	29371	44157	}	
{	7323	3	29774	44357	}	
{	7324	3	31453	45430	}	
{	7331	2	34042	44606	0	}
{	7332	1	21506	43718	}	
{	7334	2	21506	43718	0	}
{	7333	1	34042	44606	}	
{	7700	3	28852	30679	}	
{	7701	3	28542	30808	}	
{	7702	3	28112	32022	}	
{	7703	3	26972	32191	}	
{	7704	3	27326	33031	}	
{	7705	3	27351	33832	}	
{	7706	3	26898	33771	}	
{	7707	3	26189	34150	}	
{	7708	3	25766	34328	}	
{	7709	3	25400	34328	}	
{	7710	3	24898	35318	}	
{	7711	3	24443	35784	}	
{	7712	3	24116	36090	}	
{	7713	3	23145	36550	}	
{	7714	3	22875	36844	}	
{	7715	3	21750	37775	}	
{	7716	3	20799	38339	}	
{	7717	3	20213	38557	}	
{	7718	3	19513	38297	}	
{	7719	3	18907	38963	}	
{	7720	3	18589	40092	}	
{	7721	3	18224	41019	}	
{	7722	3	17966	41535	}	
{	7723	3	16614	42037	}	
{	7724	3	15834	41933	}	
{	7725	3	15654	42339	}	
{	7726	3	15512	42581	}	
{	7727	3	15280	42777	}	
{	7728	3	14784	43009	}	
{	7729	3	14654	43553	}	
{	7730	3	14346	44129	}	
{	7731	3	14618	44351	}	
{	7732	3	14846	44405	}	
{	7733	3	15190	44470	}	
{	7734	3	15632	44529	}	
{	7735	3	15988	44583	}	
{	7737	2	15988	44583	0	}
{	7738	1	28852	30679	}	
{	7740	2	28852	30679	0	}
{	7739	1	15988	44583	}	
{	7803	3	28112	32022	}	
{	7804	3	25386	30351	}	
{	7805	3	25247	30071	}	
{	7806	3	24893	29281	}	
{	7807	3	24601	28885	}	
{	7808	3	23877	29010	}	
{	7809	3	23440	29398	}	
{	7810	3	23168	29559	}	
{	7811	3	22897	29593	}	
{	7812	3	21958	28777	}	
{	7813	3	21174	28310	}	
{	7814	3	18904	29231	}	
{	7815	3	18034	29577	}	
{	7816	3	17304	29431	}	
{	7817	3	16781	28961	}	
{	7818	3	16456	28083	}	
{	7819	3	16547	27495	}	
{	7821	2	16547	27495	0	}
{	7822	1	28852	30679	}	
{	7824	2	28852	30679	0	}
{	7823	1	16547	27495	}	
{	1760	3	15834	41933	}	
{	1761	3	15654	42339	}	
{	1762	3	15774	42427	}	
{	1763	3	15834	41933	}	
{	1764	3	15706	41321	}	
{	1765	3	14388	41091	}	
{	1766	3	13710	40301	}	
{	1767	3	13446	39664	}	
{	1768	3	12997	39040	}	
{	1769	3	12656	38843	}	
{	1770	3	12140	38739	}	
{	1771	3	12140	38739	}	
{	1772	3	12140	38739	}	
{	1773	3	12140	38739	}	
{	1774	3	8667	37749	}	
{	1775	3	8667	37749	}	
{	1776	3	8667	37749	}	
{	1777	3	9075	36972	}	
{	1778	3	9075	36972	}	
{	1780	2	9075	36972	0	}
{	1781	1	28852	30679	}	
{	1783	2	28852	30679	0	}
{	1782	1	9075	36972	}	
{	7900	3	23089	26624	}	
{	7901	3	22864	27676	}	
{	7902	3	22317	28693	}	
{	7903	3	22686	28936	}	
{	7904	3	22897	29593	}	
{	7905	3	22613	31556	}	
{	7906	3	22045	31211	}	
{	7907	3	20914	30605	}	
{	7908	3	20762	30935	}	
{	7909	3	20934	31599	}	
{	7910	3	20515	31958	}	
{	7911	3	20191	32173	}	
{	7912	3	19182	32587	}	
{	7913	3	18891	32944	}	
{	7914	3	18553	33288	}	
{	7915	3	18845	33603	}	
{	7916	3	19049	33794	}	
{	7917	3	18972	34132	}	
{	7919	2	18972	34132	0	}
{	7920	1	23089	26624	}	
{	7922	2	23089	26624	0	}
{	7921	1	18972	34132	}	
{	3800	3	21637	2387	}	
{	3801	3	12992	-6021	}	
{	3802	3	4593	-20704	}	
{	3804	2	4593	-20704	0	}
{	3805	1	17531	52458	}	
{	3807	2	17531	52458	0	}
{	3806	1	4593	-20704	}	
{	7101	2	28260	45773	0	}
{	7100	1	18827	46974	}	
{	7103	2	18827	46974	0	}
{	7102	1	28260	45773	}	
{	3630	2	29627	37442	0	}
{	3629	1	17531	52458	}	
{	3632	2	17531	52458	0	}
{	3631	1	29627	37442	}	
{	3634	2	20973	21395	0	}
{	3633	1	5619	53635	}	
{	3636	2	5619	53635	0	}
{	3635	1	20973	21395	}	
{	3534	2	12089	21505	0	}
{	3533	1	33077	60510	}	
{	3536	2	33077	60510	0	}
{	3535	1	12089	21505	}	
{	3538	2	16667	27507	0	}
{	3537	1	27280	43340	}	
{	3540	2	27280	43340	0	}
{	3539	1	16667	27507	}	
{	5100	3	29188	36102	}	
{	5101	3	29513	35915	}	
{	5102	3	29409	35754	}	
{	5103	3	29206	35368	}	
{	5104	3	28953	35299	}	
{	5105	3	28470	34851	}	
{	5106	3	27789	33988	}	
{	5107	3	26782	33748	}	
{	5110	3	26357	33603	}	
{	5111	3	25921	33718	}	
{	5113	3	25672	33593	}	
{	5115	3	25330	33641	}	
{	5116	3	25211	33813	}	
{	5117	3	24807	33787	}	
{	5118	3	24481	33583	}	
{	5119	3	24229	33786	}	
{	5120	3	24417	34089	}	
{	5121	3	24741	34262	}	
{	5123	1	29188	36102	}	
{	5122	2	24741	34262	1	}
{	5124	1	24741	34262	}	
{	5125	2	29188	36102	1	}
{	2500	1	30622	38549	}	
{	2501	3	30622	38549	}	
{	2502	3	32662	39378	}	
{	2503	3	33401	39937	}	
{	2504	3	33882	39965	}	
{	2505	3	35031	39893	}	
{	2506	3	35654	40053	}	
{	2507	3	36627	39980	}	
{	2508	3	37835	40503	}	
{	2509	3	39965	41061	}	
{	2510	3	41194	41092	}	
{	2511	3	42285	41532	}	
{	2512	3	43208	41668	}	
{	2513	3	43818	42253	}	
{	2514	3	44568	42699	}	
{	2515	2	44568	42699	1	}
{	2516	1	44568	42699	}	
{	2517	2	30622	38549	1	}
{	40001	3	30640	38613	}	
{	40002	3	31997	39140	}	
{	40003	3	32636	39434	}	
{	40004	3	35827	39434	}	
{	40005	3	33372	39951	}	
{	40006	3	33663	39990	}	
{	40007	3	33858	39990	}	
{	40008	3	34320	39981	}	
{	40009	3	35056	39898	}	
{	40010	3	35569	39873	}	
{	40011	3	35920	39738	}	
{	40012	3	36540	39618	}	
{	40013	3	37055	39603	}	
{	40014	3	37616	39512	}	
{	40015	3	37838	39455	}	
{	40016	3	38310	39289	}		
{	40018	3	38596	39029	}	
{	40019	3	39535	38838	}	
{	40020	3	41144	37563	}	
{	40021	3	40771	37843	}	
{	40022	3	48711	37226	}	
{	40023	3	48711	37226	}	
{	40024	3	55124	36933	}	
{	40000	1	30640	38613	}	
{	40050	2	30640	38613	1	}
{	47101	1	40771	37843	}	
{	47102	2	40771	37843	1	}
{	42201	1	48711	37226	}	
{	42202	2	48711	37226	1	}
{	47401	1	55124	36933	}	
{	47402	2	55124	36933	1	}
{	2241	3	23899	28832	}	
{	2242	3	23562	29288	}	
{	2243	3	23374	29126	}	
{	2244	3	23602	29707	}	
{	2245	3	23162	31058	}	
{	2246	3	22885	32066	}	
{	2247	3	23228	33365	}	
{	2248	3	23407	34305	}	
{	2249	3	23896	34613	}	
{	2240	1	23899	28832	}	
{	2251	2	25541	37126	1	}
{	2250	2	23899	28832	1	}
{	2252	1	25541	37126	}	
{	7000	3	29647	37416	}	
{	7001	3	29940	37245	}	
{	7002	3	30282	37177	}	
{	7007	3	31793	37415	}	
{	7008	3	31965	37958	}	
{	7009	3	32228	38143	}	
{	7010	3	32490	38210	}	
{	7011	3	32856	38232	}	
{	7020	1	29647	37416	}	
{	7021	2	32856	38232	1	}
{	7022	1	32856	38232	}	
{	7023	2	29647	37416	1	}
{	7024	2	32351	34374	1	}
{	7025	1	32351	34374	}	



sdfuncs:	3	
{	0	2	100	99.9	130	8	1.5	10	}	
{	1	1	140	14.0	130	8	1.5	10	}	
{	2	1	140	14.0	130	8	1.5	10	}	

links:	1129						
{	12	1	2	1000	2	0	}
{	23	2	3	1220	2	0	}
{	34	3	4	1980	2	0	}
{	45	4	5	2480	2	0	}
{	56	5	6	960	2	0	}
{	67	6	7	790	2	0	}
{	78	7	8	1140	2	0	}
{	89	8	9	1010	2	0	}
{	910	9	10	540	2	0	}
{	1011	10	11	970	2	0	}
{	1112	11	12	680	2	0	}
{	1213	12	13	730	2	0	}
{	1314	13	14	980	2	0	}
{	1415	14	15	1170	2	0	}
{	1516	15	16	930	2	0	}
{	1617	16	17	1080	2	0	}
{	1718	17	18	860	2	0	}
{	1819	18	19	640	2	0	}
{	21	2	1	1000	2	0	}
{	32	3	2	1220	2	0	}
{	43	4	3	1980	2	0	}
{	54	5	4	2480	2	0	}
{	65	6	5	960	2	0	}
{	76	7	6	790	2	0	}
{	87	8	7	1140	2	0	}
{	98	9	8	1010	2	0	}
{	109	10	9	540	2	0	}
{	1110	11	10	970	2	0	}
{	1211	12	11	680	2	0	}
{	1312	13	12	730	2	0	}
{	1413	14	13	980	2	0	}
{	1514	15	14	1170	2	0	}
{	1615	16	15	930	2	0	}
{	1716	17	16	1080	2	0	}
{	1817	18	17	860	2	0	}
{	1918	19	18	640	2	0	}
{	10101	101	1	100	2	0	}
{	10102	1	102	100	2	0	}
{	107019	107	19	100	2	0	}
{	190108	19	108	100	2	0	}
{	2021	20	21	1380	2	0	}
{	2122	21	22	820	2	0	}
{	227	22	7	950	2	0	}
{	722	7	22	950	2	0	}
{	2221	22	21	820	2	0	}
{	2120	21	20	1380	2	0	}
{	1423	14	23	1340	2	0	}
{	2324	23	24	900	2	0	}
{	2425	24	25	810	2	0	}
{	2526	25	26	1100	2	0	}
{	2627	26	27	1500	2	0	}
{	2728	27	28	1480	2	0	}
{	2829	28	29	1200	2	0	}
{	2930	29	30	970	2	0	}
{	3031	30	31	1300	2	0	}
{	3132	31	32	1680	2	0	}
{	3233	32	33	1150	2	0	}
{	3334	33	34	1270	2	0	}
{	3435	34	35	1200	2	0	}
{	3536	35	36	630	2	0	}
{	2314	23	14	1340	2	0	}
{	2423	24	23	900	2	0	}
{	2524	25	24	810	2	0	}
{	2625	26	25	1100	2	0	}
{	2726	27	26	1500	2	0	}
{	2827	28	27	1480	2	0	}
{	2928	29	28	1200	2	0	}
{	3029	30	29	970	2	0	}
{	3130	31	30	1300	2	0	}
{	3231	32	31	1680	2	0	}
{	3332	33	32	1150	2	0	}
{	3433	34	33	1270	2	0	}
{	3534	35	34	1200	2	0	}
{	3635	36	35	630	2	0	}
{	103020	103	20	100	2	0	}
{	200104	20	104	100	2	0	}
{	105036	105	36	100	2	0	}
{	360106	36	105	100	2	0	}
{	3738	37	38	770	2	0	}
{	3839	38	39	1730	2	0	}
{	3940	39	40	1530	2	0	}
{	4041	40	41	1670	2	0	}
{	4142	41	42	900	2	0	}
{	4243	42	43	750	2	0	}
{	4344	43	44	840	2	0	}
{	4445	44	45	1070	2	0	}
{	4546	45	46	1290	2	0	}
{	4647	46	47	870	2	0	}
{	4748	47	48	1030	2	0	}
{	488	48	8	920	2	0	}
{	849	8	49	690	2	0	}
{	3837	38	37	770	2	0	}
{	3938	39	38	1730	2	0	}
{	4039	40	39	1530	2	0	}
{	4140	41	40	1670	2	0	}
{	4241	42	41	900	2	0	}
{	4342	43	42	750	2	0	}
{	4443	44	43	840	2	0	}
{	4544	45	44	1070	2	0	}
{	4645	46	45	1290	2	0	}
{	4746	47	46	870	2	0	}
{	4847	48	47	1030	2	0	}
{	848	8	48	920	2	0	}
{	498	49	8	690	2	0	}
{	121037	121	37	100	2	0	}
{	370122	37	122	100	2	0	}
{	125049	125	49	100	2	0	}
{	490126	49	126	100	2	0	}
{	9596	95	96	890	2	0	}
{	9697	96	97	1290	2	0	}
{	9798	97	98	3800	2	0	}
{	9899	98	99	1250	2	0	}
{	99100	99	100	1260	2	0	}
{	10045	100	45	1300	2	0	}
{	9695	96	95	890	2	0	}
{	9796	97	96	1290	2	0	}
{	9897	98	97	3800	2	0	}
{	9998	99	98	1250	2	0	}
{	10099	100	99	1260	2	0	}
{	45100	45	100	1300	2	0	}
{	123095	123	95	100	2	0	}
{	950124	95	124	100	2	0	}
{	5051	50	51	950	2	0	}
{	5152	51	52	800	2	0	}
{	5253	52	53	1000	2	0	}
{	5354	53	54	1020	2	0	}
{	5455	54	55	720	2	0	}
{	5556	55	56	700	2	0	}
{	5657	56	57	870	2	0	}
{	5758	57	58	1020	2	0	}
{	5859	58	59	1080	2	0	}
{	5960	59	60	800	2	0	}
{	6061	60	61	640	2	0	}
{	6162	61	62	570	2	0	}
{	6263	62	63	1780	2	0	}
{	6364	63	64	570	2	0	}
{	6447	64	47	1010	2	0	}
{	4765	47	65	920	2	0	}
{	6566	65	66	450	2	0	}
{	6667	66	67	950	2	0	}
{	6768	67	68	430	2	0	}
{	688	68	8	830	2	0	}
{	1069	10	69	450	2	0	}
{	6970	69	70	710	2	0	}
{	7071	70	71	820	2	0	}
{	7172	71	72	580	2	0	}
{	7273	72	73	800	2	0	}
{	7374	73	74	770	2	0	}
{	7475	74	75	700	2	0	}
{	7576	75	76	780	2	0	}
{	7677	76	77	630	2	0	}
{	7778	77	78	850	2	0	}
{	7879	78	79	1210	2	0	}
{	7980	79	80	1370	2	0	}
{	5150	51	50	950	2	0	}
{	5251	52	51	800	2	0	}
{	5352	53	52	1000	2	0	}
{	5453	54	53	1020	2	0	}
{	5554	55	54	720	2	0	}
{	5655	56	55	700	2	0	}
{	5756	57	56	870	2	0	}
{	5857	58	57	1020	2	0	}
{	5958	59	58	1080	2	0	}
{	6059	60	59	800	2	0	}
{	6160	61	60	640	2	0	}
{	6261	62	61	570	2	0	}
{	6362	63	62	1780	2	0	}
{	6463	64	63	570	2	0	}
{	4764	47	64	1010	2	0	}
{	6547	65	47	920	2	0	}
{	6665	66	65	450	2	0	}
{	6766	67	66	950	2	0	}
{	6867	68	67	430	2	0	}
{	868	8	68	830	2	0	}
{	6910	69	10	450	2	0	}
{	7069	70	69	710	2	0	}
{	7170	71	70	820	2	0	}
{	7271	72	71	580	2	0	}
{	7372	73	72	800	2	0	}
{	7473	74	73	770	2	0	}
{	7574	75	74	700	2	0	}
{	7675	76	75	780	2	0	}
{	7776	77	76	630	2	0	}
{	7877	78	77	850	2	0	}
{	7978	79	78	1210	2	0	}
{	8079	80	79	1370	2	0	}
{	109050	109	50	100	2	0	}
{	500110	50	110	100	2	0	}
{	115080	115	80	100	2	0	}
{	800116	80	116	100	2	0	}
{	7181	71	81	750	2	0	}
{	8182	81	82	800	2	0	}
{	8283	82	83	910	2	0	}
{	8384	83	84	750	2	0	}
{	8485	84	85	1400	2	0	}
{	8586	85	86	1050	2	0	}
{	8171	81	71	750	2	0	}
{	8281	82	81	800	2	0	}
{	8382	83	82	910	2	0	}
{	8483	84	83	750	2	0	}
{	8584	85	84	1400	2	0	}
{	8685	86	85	1050	2	0	}
{	111058	111	58	100	2	0	}
{	580112	58	112	100	2	0	}
{	119086	119	86	100	2	0	}
{	860120	86	120	100	2	0	}
{	8187	81	87	570	2	0	}
{	8788	87	88	630	2	0	}
{	8889	88	89	650	2	0	}
{	8990	89	90	1100	2	0	}
{	9091	90	91	1000	2	0	}
{	9192	91	92	550	2	0	}
{	9293	92	93	1760	2	0	}
{	9394	93	94	920	2	0	}
{	8781	87	81	570	2	0	}
{	8887	88	87	630	2	0	}
{	8988	89	88	650	2	0	}
{	9089	90	89	1100	2	0	}
{	9190	91	90	1000	2	0	}
{	9291	92	91	550	2	0	}
{	9392	93	92	1760	2	0	}
{	9493	94	93	920	2	0	}
{	113062	113	62	100	2	0	}
{	620114	62	114	100	2	0	}
{	117094	117	94	100	2	0	}
{	940118	94	118	100	2	0	}
{	400401	400	401	370	2	0	}
{	401402	401	402	251	2	0	}
{	402403	402	403	321	2	0	}
{	403404	403	404	441	2	0	}
{	404405	404	405	298	2	0	}
{	405406	405	406	359	2	0	}
{	406407	406	407	219	2	0	}
{	407408	407	408	444	2	0	}
{	408409	408	409	355	2	0	}
{	409410	409	410	325	2	0	}
{	410411	410	411	346	2	0	}
{	411412	411	412	279	2	0	}
{	412413	412	413	465	2	0	}
{	413414	413	414	600	2	0	}
{	414415	414	415	416	2	0	}
{	415416	415	416	421	2	0	}
{	416417	416	417	413	2	0	}
{	417418	417	418	1264	2	0	}
{	418419	418	419	276	2	0	}
{	419420	419	420	266	2	0	}
{	420421	420	421	273	2	0	}
{	421422	421	422	330	2	0	}
{	422423	422	423	256	2	0	}
{	423424	423	424	261	2	0	}
{	424425	424	425	296	2	0	}
{	425426	425	426	289	2	0	}
{	426427	426	427	498	2	0	}
{	427428	427	428	418	2	0	}
{	428429	428	429	384	2	0	}
{	429430	429	430	1223	2	0	}
{	432400	432	400	100	2	0	}
{	430433	430	433	100	2	0	}
{	401400	401	400	311	2	0	}
{	402401	402	401	311	2	0	}
{	403402	403	402	224	2	0	}
{	404403	404	403	487	2	0	}
{	405404	405	404	234	2	0	}
{	406405	406	405	313	2	0	}
{	407406	407	406	418	2	0	}
{	408407	408	407	275	2	0	}
{	409408	409	408	272	2	0	}
{	410409	410	409	346	2	0	}
{	411410	411	410	366	2	0	}
{	412411	412	411	503	2	0	}
{	413412	413	412	393	2	0	}
{	414413	414	413	636	2	0	}
{	415414	415	414	415	2	0	}
{	416415	416	415	297	2	0	}
{	417416	417	416	449	2	0	}
{	418417	418	417	1239	2	0	}
{	419418	419	418	312	2	0	}
{	420419	420	419	402	2	0	}
{	422420	422	420	337	2	0	}
{	423422	423	422	223	2	0	}
{	424423	424	423	267	2	0	}
{	425424	425	424	233	2	0	}
{	426425	426	425	401	2	0	}
{	427426	427	426	614	2	0	}
{	428427	428	427	328	2	0	}
{	429428	429	428	363	2	0	}
{	430429	430	429	1153	2	0	}
{	434430	434	430	100	2	0	}
{	400435	400	435	100	2	0	}
{	10001001	1000	1001	346	2	0	}
{	10011002	1001	1002	292	2	0	}
{	10021003	1002	1003	750	2	0	}
{	10031004	1003	1004	381	2	0	}
{	10041005	1004	1005	244	2	0	}
{	10051006	1005	1006	240	2	0	}
{	10061007	1006	1007	246	2	0	}
{	1007417	1007	417	594	2	0	}
{	4151011	415	1011	329	2	0	}
{	10111012	1011	1012	303	2	0	}
{	10121013	1012	1013	234	2	0	}
{	10131014	1013	1014	437	2	0	}
{	10141015	1014	1015	180	2	0	}
{	10151016	1015	1016	335	2	0	}
{	10161017	1016	1017	447	2	0	}
{	10171018	1017	1018	215	2	0	}
{	10181019	1018	1019	241	2	0	}
{	10191020	1019	1020	235	2	0	}
{	10201021	1020	1021	231	2	0	}
{	1021405	1021	405	489	2	0	}
{	4031025	403	1025	550	2	0	}
{	10251026	1025	1026	227	2	0	}
{	10261027	1026	1027	431	2	0	}
{	10271028	1027	1028	310	2	0	}
{	10281029	1028	1029	166	2	0	}
{	10291030	1029	1030	254	2	0	}
{	10301031	1030	1031	199	2	0	}
{	10311032	1031	1032	274	2	0	}
{	10331000	1033	1000	100	2	0	}
{	10321034	1032	1034	100	2	0	}
{	10011000	1001	1000	202	2	0	}
{	10021001	1002	1001	264	2	0	}
{	10031002	1003	1002	754	2	0	}
{	10041003	1004	1003	373	2	0	}
{	10051004	1005	1004	256	2	0	}
{	10061005	1006	1005	287	2	0	}
{	10071006	1007	1006	240	2	0	}
{	4171007	417	1007	384	2	0	}
{	1011415	1011	415	346	2	0	}
{	10121011	1012	1011	403	2	0	}
{	10131012	1013	1012	263	2	0	}
{	10141013	1014	1013	327	2	0	}
{	10151014	1015	1014	451	2	0	}
{	10161015	1016	1015	218	2	0	}
{	10171016	1017	1016	301	2	0	}
{	10181017	1018	1017	193	2	0	}
{	10191018	1019	1018	417	2	0	}
{	10211019	1021	1019	337	2	0	}
{	4051021	405	1021	524	2	0	}
{	1025403	1025	403	406	2	0	}
{	10261025	1026	1025	308	2	0	}
{	10271026	1027	1026	451	2	0	}
{	10281027	1028	1027	425	2	0	}
{	10291028	1029	1028	218	2	0	}
{	10301029	1030	1029	233	2	0	}
{	10311030	1031	1030	169	2	0	}
{	10321031	1032	1031	363	2	0	}
{	10351032	1035	1032	100	2	0	}
{	10001036	1000	1036	100	2	0	}
{	30293000	3029	3000	100	2	0	}
{	3000427	3000	427	336	2	0	}
{	4293005	429	3005	630	2	0	}
{	30053006	3005	3006	403	2	0	}
{	30063007	3006	3007	279	2	0	}
{	30073008	3007	3008	802	2	0	}
{	30083009	3008	3009	514	2	0	}
{	30093010	3009	3010	258	2	0	}
{	30103011	3010	3011	541	2	0	}
{	30113012	3011	3012	500	2	0	}
{	30123013	3012	3013	375	2	0	}
{	30133014	3013	3014	315	2	0	}
{	30143015	3014	3015	374	2	0	}
{	30153016	3015	3016	234	2	0	}
{	3016416	3016	416	258	2	0	}
{	4133021	413	3021	226	2	0	}
{	30213022	3021	3022	154	2	0	}
{	30223023	3022	3023	386	2	0	}
{	30233024	3023	3024	299	2	0	}
{	30243025	3024	3025	734	2	0	}
{	30253028	3025	3028	100	2	0	}
{	30003030	3000	3030	100	2	0	}
{	4273000	427	3000	633	2	0	}
{	3005429	3005	429	767	2	0	}
{	30063005	3006	3005	371	2	0	}
{	30073006	3007	3006	288	2	0	}
{	30083007	3008	3007	750	2	0	}
{	30093008	3009	3008	591	2	0	}
{	30103009	3010	3009	333	2	0	}
{	30113010	3011	3010	408	2	0	}
{	30123011	3012	3011	462	2	0	}
{	30133012	3013	3012	393	2	0	}
{	30143013	3014	3013	420	2	0	}
{	30153014	3015	3014	276	2	0	}
{	30163015	3016	3015	252	2	0	}
{	4153016	415	3016	524	2	0	}
{	3022413	3022	413	193	2	0	}
{	30233022	3023	3022	497	2	0	}
{	30243023	3024	3023	319	2	0	}
{	30253024	3025	3024	682	2	0	}
{	30273025	3027	3025	100	2	0	}
{	20002001	2000	2001	229	2	0	}
{	20012002	2001	2002	274	2	0	}
{	20022003	2002	2003	163	2	0	}
{	20032004	2003	2004	192	2	0	}
{	2004412	2004	412	292	2	0	}
{	4102008	410	2008	405	2	0	}
{	20082009	2008	2009	268	2	0	}
{	20092010	2009	2010	553	2	0	}
{	20102011	2010	2011	283	2	0	}
{	20112012	2011	2012	479	2	0	}
{	20122013	2012	2013	499	2	0	}
{	20132014	2013	2014	434	2	0	}
{	20143009	2014	3009	457	2	0	}
{	30072018	3007	2018	198	2	0	}
{	20182019	2018	2019	265	2	0	}
{	20192020	2019	2020	452	2	0	}
{	20202021	2020	2021	426	2	0	}
{	20252000	2025	2000	100	2	0	}
{	20002026	2000	2026	100	2	0	}
{	20212020	2021	2020	290	2	0	}
{	20202019	2020	2019	534	2	0	}
{	20192018	2019	2018	265	2	0	}
{	20183007	2018	3007	195	2	0	}
{	30092014	3009	2014	450	2	0	}
{	20142013	2014	2013	437	2	0	}
{	20132012	2013	2012	526	2	0	}
{	20122011	2012	2011	464	2	0	}
{	20112010	2011	2010	283	2	0	}
{	20102009	2010	2009	604	2	0	}
{	20092008	2009	2008	268	2	0	}
{	2008409	2008	409	316	2	0	}
{	4122004	412	2004	292	2	0	}
{	20042003	2004	2003	157	2	0	}
{	20032002	2003	2002	149	2	0	}
{	20022001	2002	2001	307	2	0	}
{	20012000	2001	2000	303	2	0	}
{	20212024	2021	2024	10	2	0	}
{	20232021	2023	2021	10	2	0	}
{	76003005	7600	3005	412	2	0	}
{	20117610	2011	7610	338	2	0	}
{	76107611	7610	7611	530	2	0	}
{	76117612	7611	7612	400	2	0	}
{	76127613	7612	7613	300	2	0	}
{	76137614	7613	7614	400	2	0	}
{	76147615	7614	7615	500	2	0	}
{	76157616	7615	7616	400	2	0	}
{	76161031	7616	1031	173	2	0	}
{	10327620	1032	7620	800	2	0	}
{	76207621	7620	7621	154	2	0	}
{	76217622	7621	7622	346	2	0	}
{	76227623	7622	7623	270	2	0	}
{	76237624	7623	7624	300	2	0	}
{	76247625	7624	7625	431	2	0	}
{	76287600	7628	7600	100	2	0	}
{	76257631	7625	7631	100	2	0	}
{	30057600	3005	7600	366	2	0	}
{	76102011	7610	2011	349	2	0	}
{	76117610	7611	7610	470	2	0	}
{	76127611	7612	7611	480	2	0	}
{	76137612	7613	7612	370	2	0	}
{	76147613	7614	7613	400	2	0	}
{	76157614	7615	7614	510	2	0	}
{	76167615	7616	7615	500	2	0	}
{	10317616	1031	7616	173	2	0	}
{	76201032	7620	1032	800	2	0	}
{	76217620	7621	7620	154	2	0	}
{	76227621	7622	7621	346	2	0	}
{	76237622	7623	7622	270	2	0	}
{	76247623	7624	7623	300	2	0	}
{	76257624	7625	7624	431	2	0	}
{	76307625	7630	7625	10	2	0	}
{	76007629	7600	7629	10	2	0	}
{	22182230	2218	2230	10	2	0	}
{	22302231	2230	2231	720	2	0	}
{	22312232	2231	2232	1340	2	0	}
{	22322233	2232	2233	690	2	0	}
{	22332234	2233	2234	500	2	0	}
{	22342235	2234	2235	640	2	0	}
{	22352236	2235	2236	770	2	0	}
{	22362237	2236	2237	940	2	0	}
{	22372238	2237	2238	10	2	0	}
{	22382200	2238	2200	1290	2	0	}
{	22002201	2200	2201	540	2	0	}
{	22012202	2201	2202	840	2	0	}
{	22022203	2202	2203	1670	2	0	}
{	22032204	2203	2204	560	2	0	}
{	22042205	2204	2205	610	2	0	}
{	22052206	2205	2206	690	2	0	}
{	22062207	2206	2207	790	2	0	}
{	22072208	2207	2208	680	2	0	}
{	22082209	2208	2209	520	2	0	}
{	22092210	2209	2210	870	2	0	}
{	22102211	2210	2211	820	2	0	}
{	22112212	2211	2212	660	2	0	}
{	22122213	2212	2213	700	2	0	}
{	22132214	2213	2214	500	2	0	}
{	22142215	2214	2215	530	2	0	}
{	22152216	2215	2216	620	2	0	}
{	22162217	2216	2217	600	2	0	}
{	22172221	2217	2221	10	2	0	}
{	22202217	2220	2217	10	2	0	}
{	22172216	2217	2216	600	2	0	}
{	22162215	2216	2215	620	2	0	}
{	22152214	2215	2214	580	2	0	}
{	22142213	2214	2213	500	2	0	}
{	22132212	2213	2212	700	2	0	}
{	22122211	2212	2211	660	2	0	}
{	22112210	2211	2210	730	2	0	}
{	22102209	2210	2209	940	2	0	}
{	22092208	2209	2208	530	2	0	}
{	22082207	2208	2207	570	2	0	}
{	22072206	2207	2206	900	2	0	}
{	22062205	2206	2205	730	2	0	}
{	22052204	2205	2204	600	2	0	}
{	22042203	2204	2203	450	2	0	}
{	22032202	2203	2202	1760	2	0	}
{	22022201	2202	2201	810	2	0	}
{	22012200	2201	2200	490	2	0	}
{	22002238	2200	2238	1290	2	0	}
{	22382237	2238	2237	10	2	0	}
{	22372236	2237	2236	940	2	0	}
{	22362235	2236	2235	770	2	0	}
{	22352234	2235	2234	640	2	0	}
{	22342233	2234	2233	500	2	0	}
{	22332232	2233	2232	690	2	0	}
{	22322231	2232	2231	1340	2	0	}
{	22312230	2231	2230	720	2	0	}
{	22302219	2230	2219	10	2	0	}
{	36003601	3600	3601	1920	2	0	}
{	36013602	3601	3602	1830	2	0	}
{	36023603	3602	3603	5740	2	0	}
{	36033604	3603	3604	4940	2	0	}
{	36043605	3604	3605	4080	2	0	}
{	36053606	3605	3606	3010	2	0	}
{	36063607	3606	3607	2650	2	0	}
{	36073608	3607	3608	2120	2	0	}
{	36083609	3608	3609	3150	2	0	}
{	36093610	3609	3610	4100	2	0	}
{	36103611	3610	3611	3270	2	0	}
{	36113612	3611	3612	2480	2	0	}
{	36123613	3612	3613	2000	2	0	}
{	36133614	3613	3614	3760	2	0	}
{	36143615	3614	3615	1800	2	0	}
{	36153616	3615	3616	3810	2	0	}
{	36163617	3616	3617	2300	2	0	}
{	36173618	3617	3618	1480	2	0	}
{	36183619	3618	3619	2370	2	0	}
{	36193620	3619	3620	1990	2	0	}
{	36203621	3620	3621	5340	2	0	}
{	36213622	3621	3622	7060	2	0	}
{	36223623	3622	3623	5330	2	0	}
{	36263600	3626	3600	10	2	0	}
{	36233625	3623	3625	10	2	0	}
{	36013600	3601	3600	1920	2	0	}
{	36023601	3602	3601	1830	2	0	}
{	36033602	3603	3602	5740	2	0	}
{	36043603	3604	3603	4940	2	0	}
{	36053604	3605	3604	4080	2	0	}
{	36063605	3606	3605	3010	2	0	}
{	36073606	3607	3606	2650	2	0	}
{	36083607	3608	3607	2120	2	0	}
{	36093608	3609	3608	3150	2	0	}
{	36103609	3610	3609	4100	2	0	}
{	36113610	3611	3610	3270	2	0	}
{	36123611	3612	3611	2480	2	0	}
{	36133612	3613	3612	2000	2	0	}
{	36143613	3614	3613	3760	2	0	}
{	36153614	3615	3614	1800	2	0	}
{	36163615	3616	3615	3810	2	0	}
{	36173616	3617	3616	2300	2	0	}
{	36183617	3618	3617	1480	2	0	}
{	36193618	3619	3618	2370	2	0	}
{	36203619	3620	3619	1990	2	0	}
{	36213620	3621	3620	5340	2	0	}
{	36223621	3622	3621	7060	2	0	}
{	36233622	3623	3622	5330	2	0	}
{	36273623	3627	3623	10	2	0	}
{	36003628	3600	3628	10	2	0	}
{	35003501	3500	3501	1370	2	0	}
{	35013502	3501	3502	1940	2	0	}
{	35023503	3502	3503	8860	2	0	}
{	35033504	3503	3504	5240	2	0	}
{	35043505	3504	3505	5360	2	0	}
{	35053506	3505	3506	5500	2	0	}
{	35063507	3506	3507	1490	2	0	}
{	35073508	3507	3508	3090	2	0	}
{	35083509	3508	3509	2300	2	0	}
{	35093510	3509	3510	2760	2	0	}
{	35103511	3510	3511	6160	2	0	}
{	35113512	3511	3512	1790	2	0	}
{	35123513	3512	3513	2040	2	0	}
{	35133609	3513	3609	7610	2	0	}
{	36133519	3613	3519	5000	2	0	}
{	35193520	3519	3520	4900	2	0	}
{	35203521	3520	3521	2820	2	0	}
{	35213522	3521	3522	3330	2	0	}
{	35223523	3522	3523	3760	2	0	}
{	35233524	3523	3524	4000	2	0	}
{	35243525	3524	3525	7900	2	0	}
{	35253526	3525	3526	9400	2	0	}
{	35293500	3529	3500	10	2	0	}
{	35263530	3526	3530	10	2	0	}
{	35263525	3526	3525	9400	2	0	}
{	35253524	3525	3524	7900	2	0	}
{	35243523	3524	3523	4000	2	0	}
{	35233522	3523	3522	3760	2	0	}
{	35223521	3522	3521	3330	2	0	}
{	35213520	3521	3520	2820	2	0	}
{	35203519	3520	3519	4900	2	0	}
{	35193613	3519	3613	5000	2	0	}
{	36093513	3609	3513	7610	2	0	}
{	35133512	3513	3512	2040	2	0	}
{	35123511	3512	3511	1790	2	0	}
{	35113510	3511	3510	6160	2	0	}
{	35103509	3510	3509	2760	2	0	}
{	35093508	3509	3508	2300	2	0	}
{	35083507	3508	3507	3080	2	0	}
{	35073506	3507	3506	1490	2	0	}
{	35063505	3506	3505	5500	2	0	}
{	35053504	3505	3504	5360	2	0	}
{	35043503	3504	3503	5240	2	0	}
{	35033502	3503	3502	8860	2	0	}
{	35023501	3502	3501	1940	2	0	}
{	35013500	3501	3500	1370	2	0	}
{	35313526	3531	3526	10	2	0	}
{	35003532	3500	3532	10	2	0	}
{	72007201	7200	7201	840	2	0	}
{	72017202	7201	7202	420	2	0	}
{	72027203	7202	7203	280	2	0	}
{	72037204	7203	7204	760	2	0	}
{	72047205	7204	7205	340	2	0	}
{	72057206	7205	7206	1402	2	0	}
{	72067207	7206	7207	1270	2	0	}
{	72077208	7207	7208	2450	2	0	}
{	72087209	7208	7209	1980	2	0	}
{	72097210	7209	7210	830	2	0	}
{	72107211	7210	7211	450	2	0	}
{	72117212	7211	7212	360	2	0	}
{	72127213	7212	7213	550	2	0	}
{	72137214	7213	7214	1900	2	0	}
{	72147215	7214	7215	1780	2	0	}
{	72157216	7215	7216	1000	2	0	}
{	72167217	7216	7217	1430	2	0	}
{	72177218	7217	7218	1230	2	0	}
{	72187219	7218	7219	630	2	0	}
{	72197220	7219	7220	330	2	0	}
{	72207221	7220	7221	350	2	0	}
{	72217222	7221	7222	350	2	0	}
{	72227223	7222	7223	440	2	0	}
{	72237224	7223	7224	540	2	0	}
{	72247225	7224	7225	290	2	0	}
{	72257226	7225	7226	350	2	0	}
{	72267227	7226	7227	790	2	0	}
{	72277228	7227	7228	1170	2	0	}
{	72287229	7228	7229	1000	2	0	}
{	72297230	7229	7230	340	2	0	}
{	72307231	7230	7231	340	2	0	}
{	72317233	7231	7233	10	2	0	}
{	72347200	7234	7200	10	2	0	}
{	72317230	7231	7230	340	2	0	}
{	72307228	7230	7228	750	2	0	}
{	72287227	7228	7227	1320	2	0	}
{	72277226	7227	7226	800	2	0	}
{	72267225	7226	7225	320	2	0	}
{	72257224	7225	7224	310	2	0	}
{	72247223	7224	7223	470	2	0	}
{	72237222	7223	7222	490	2	0	}
{	72227221	7222	7221	360	2	0	}
{	72217220	7221	7220	290	2	0	}
{	72207219	7220	7219	260	2	0	}
{	72197218	7219	7218	700	2	0	}
{	72187217	7218	7217	1140	2	0	}
{	72177216	7217	7216	1530	2	0	}
{	72167215	7216	7215	1050	2	0	}
{	72157214	7215	7214	2090	2	0	}
{	72147213	7214	7213	2250	2	0	}
{	72137212	7213	7212	570	2	0	}
{	72127211	7212	7211	360	2	0	}
{	72117210	7211	7210	450	2	0	}
{	72107209	7210	7209	930	2	0	}
{	72097208	7209	7208	2070	2	0	}
{	72087207	7208	7207	2340	2	0	}
{	72077206	7207	7206	1200	2	0	}
{	72067205	7206	7205	2340	2	0	}
{	72057204	7205	7204	250	2	0	}
{	72047203	7204	7203	630	2	0	}
{	72037202	7203	7202	300	2	0	}
{	72027201	7202	7201	670	2	0	}
{	72017200	7201	7200	770	2	0	}
{	72007236	7200	7236	10	2	0	}
{	72357231	7235	7231	10	2	0	}
{	73007301	7300	7301	1090	2	0	}
{	73017302	7301	7302	560	2	0	}
{	73027303	7302	7303	500	2	0	}
{	73037304	7303	7304	450	2	0	}
{	73047305	7304	7305	380	2	0	}
{	73057306	7305	7306	660	2	0	}
{	73067307	7306	7307	160	2	0	}
{	73077308	7307	7308	340	2	0	}
{	73087309	7308	7309	490	2	0	}
{	73097310	7309	7310	900	2	0	}
{	73107311	7310	7311	740	2	0	}
{	73117312	7311	7312	970	2	0	}
{	73127313	7312	7313	660	2	0	}
{	73137314	7313	7314	550	2	0	}
{	73147315	7314	7315	310	2	0	}
{	73157316	7315	7316	310	2	0	}
{	73167317	7316	7317	1320	2	0	}
{	73177318	7317	7318	700	2	0	}
{	73187319	7318	7319	550	2	0	}
{	73197320	7319	7320	3000	2	0	}
{	73207321	7320	7321	1000	2	0	}
{	73217322	7321	7322	570	2	0	}
{	73227323	7322	7323	410	2	0	}
{	73237324	7323	7324	2130	2	0	}
{	73247227	7324	7227	790	2	0	}
{	73327300	7332	7300	10	2	0	}
{	72317331	7231	7331	10	2	0	}
{	72277324	7227	7324	800	2	0	}
{	73247323	7324	7323	2290	2	0	}
{	73237322	7323	7322	510	2	0	}
{	73227321	7322	7321	460	2	0	}
{	73217320	7321	7320	1100	2	0	}
{	73207319	7320	7319	2230	2	0	}
{	73197318	7319	7318	290	2	0	}
{	73187317	7318	7317	780	2	0	}
{	73177316	7317	7316	1320	2	0	}
{	73167315	7316	7315	220	2	0	}
{	73157314	7315	7314	280	2	0	}
{	73147313	7314	7313	430	2	0	}
{	73137312	7313	7312	900	2	0	}
{	73127311	7312	7311	970	2	0	}
{	73117310	7311	7310	770	2	0	}
{	73107309	7310	7309	650	2	0	}
{	73097308	7309	7308	680	2	0	}
{	73087307	7308	7307	460	2	0	}
{	73077306	7307	7306	340	2	0	}
{	73067305	7306	7305	510	2	0	}
{	73057304	7305	7304	380	2	0	}
{	73047303	7304	7303	450	2	0	}
{	73037302	7303	7302	500	2	0	}
{	73027301	7302	7301	550	2	0	}
{	73017300	7301	7300	1150	2	0	}
{	73007334	7300	7334	10	2	0	}
{	73337231	7333	7231	10	2	0	}
{	77007701	7700	7701	500	2	0	}
{	77017702	7701	7702	1750	2	0	}
{	77027703	7702	7703	1460	2	0	}
{	77037704	7703	7704	860	2	0	}
{	77047705	7704	7705	990	2	0	}
{	77057706	7705	7706	680	2	0	}
{	77067707	7706	7707	1070	2	0	}
{	77077708	7707	7708	650	2	0	}
{	77087709	7708	7709	1190	2	0	}
{	77097710	7709	7710	840	2	0	}
{	77107711	7710	7711	780	2	0	}
{	77117712	7711	7712	350	2	0	}
{	77127713	7712	7713	1110	2	0	}
{	77137714	7713	7714	810	2	0	}
{	77147715	7714	7715	1550	2	0	}
{	77157716	7715	7716	910	2	0	}
{	77167717	7716	7717	840	2	0	}
{	77177718	7717	7718	830	2	0	}
{	77187719	7718	7719	1030	2	0	}
{	77197720	7719	7720	1250	2	0	}
{	77207721	7720	7721	940	2	0	}
{	77217722	7721	7722	910	2	0	}
{	77227723	7722	7723	1310	2	0	}
{	77237724	7723	7724	570	2	0	}
{	77247725	7724	7725	440	2	0	}
{	77257726	7725	7726	220	2	0	}
{	77267727	7726	7727	390	2	0	}
{	77277728	7727	7728	650	2	0	}
{	77287729	7728	7729	500	2	0	}
{	77297730	7729	7730	700	2	0	}
{	77307731	7730	7731	300	2	0	}
{	77317732	7731	7732	270	2	0	}
{	77327733	7732	7733	400	2	0	}
{	77337734	7733	7734	460	2	0	}
{	77347735	7734	7735	360	2	0	}
{	77357737	7735	7737	10	2	0	}
{	77387700	7738	7700	10	2	0	}
{	77357734	7735	7734	440	2	0	}
{	77347733	7734	7733	420	2	0	}
{	77337732	7733	7732	390	2	0	}
{	77327731	7732	7731	270	2	0	}
{	77317730	7731	7730	450	2	0	}
{	77307729	7730	7729	430	2	0	}
{	77297728	7729	7728	600	2	0	}
{	77287727	7728	7727	670	2	0	}
{	77277726	7727	7726	330	2	0	}
{	77267725	7726	7725	310	2	0	}
{	77257724	7725	7724	490	2	0	}
{	77247723	7724	7723	630	2	0	}
{	77237722	7723	7722	1240	2	0	}
{	77227721	7722	7721	970	2	0	}
{	77217720	7721	7720	880	2	0	}
{	77207719	7720	7719	1390	2	0	}
{	77197718	7719	7718	990	2	0	}
{	77187717	7718	7717	730	2	0	}
{	77177716	7717	7716	790	2	0	}
{	77167715	7716	7715	870	2	0	}
{	77157714	7715	7714	1620	2	0	}
{	77147713	7714	7713	500	2	0	}
{	77137712	7713	7712	1130	2	0	}
{	77127711	7712	7711	220	2	0	}
{	77117710	7711	7710	810	2	0	}
{	77107709	7710	7709	1290	2	0	}
{	77097708	7709	7708	1020	2	0	}
{	77087707	7708	7707	650	2	0	}
{	77077706	7707	7706	1070	2	0	}
{	77067705	7706	7705	410	2	0	}
{	77057704	7705	7704	1260	2	0	}
{	77047703	7704	7703	800	2	0	}
{	77037702	7703	7702	1290	2	0	}
{	77027701	7702	7701	1750	2	0	}
{	77017700	7701	7700	500	2	0	}
{	77007740	7700	7740	10	2	0	}
{	77397735	7739	7735	10	2	0	}
{	77027803	7702	7803	3500	2	0	}
{	78037804	7803	7804	650	2	0	}
{	78047805	7804	7805	690	2	0	}
{	78057806	7805	7806	470	2	0	}
{	78067807	7806	7807	1450	2	0	}
{	78077808	7807	7808	720	2	0	}
{	78087809	7808	7809	460	2	0	}
{	78097810	7809	7810	500	2	0	}
{	78107811	7810	7811	1300	2	0	}
{	78117812	7811	7812	590	2	0	}
{	78127813	7812	7813	990	2	0	}
{	78137814	7813	7814	2570	2	0	}
{	78147815	7814	7815	1370	2	0	}
{	78157816	7815	7816	670	2	0	}
{	78167817	7816	7817	850	2	0	}
{	78177818	7817	7818	1220	2	0	}
{	78187819	7818	7819	530	2	0	}
{	78227700	7822	7700	10	2	0	}
{	78197821	7819	7821	10	2	0	}
{	78197818	7819	7818	530	2	0	}
{	78187817	7818	7817	1220	2	0	}
{	78177816	7817	7816	870	2	0	}
{	78167815	7816	7815	780	2	0	}
{	78157814	7815	7814	3000	2	0	}
{	78147813	7814	7813	2710	2	0	}
{	78137812	7813	7812	990	2	0	}
{	78127811	7812	7811	590	2	0	}
{	78117810	7811	7810	1280	2	0	}
{	78107809	7810	7809	610	2	0	}
{	78097808	7809	7808	500	2	0	}
{	78087807	7808	7807	870	2	0	}
{	78077806	7807	7806	700	2	0	}
{	78067805	7806	7805	330	2	0	}
{	78057804	7805	7804	1000	2	0	}
{	78047803	7804	7803	570	2	0	}
{	78037702	7803	7702	3830	2	0	}
{	78237819	7823	7819	10	2	0	}
{	77007824	7700	7824	10	2	0	}
{	77241760	7724	1760	690	2	0	}
{	17601761	1760	1761	80	2	0	}
{	17611763	1761	1763	640	2	0	}
{	17631764	1763	1764	610	2	0	}
{	17641765	1764	1765	1420	2	0	}
{	17651766	1765	1766	970	2	0	}
{	17661767	1766	1767	760	2	0	}
{	17671768	1767	1768	860	2	0	}
{	17681769	1768	1769	640	2	0	}
{	17691770	1769	1770	360	2	0	}
{	17701771	1770	1771	1200	2	0	}
{	17711772	1771	1772	840	2	0	}
{	17721773	1772	1773	450	2	0	}
{	17731774	1773	1774	750	2	0	}
{	17741775	1774	1775	980	2	0	}
{	17751776	1775	1776	160	2	0	}
{	17761777	1776	1777	400	2	0	}
{	17771778	1777	1778	280	2	0	}
{	17781780	1778	1780	10	2	0	}
{	17817700	1781	7700	10	2	0	}
{	17781777	1778	1777	280	2	0	}
{	17771776	1777	1776	400	2	0	}
{	17761775	1776	1775	160	2	0	}
{	17751774	1775	1774	980	2	0	}
{	17741773	1774	1773	750	2	0	}
{	17731772	1773	1772	450	2	0	}
{	17721771	1772	1771	840	2	0	}
{	17711770	1771	1770	1200	2	0	}
{	17701769	1770	1769	360	2	0	}
{	17691768	1769	1768	640	2	0	}
{	17681767	1768	1767	860	2	0	}
{	17671766	1767	1766	760	2	0	}
{	17661765	1766	1765	970	2	0	}
{	17651764	1765	1764	1420	2	0	}
{	17641762	1764	1762	1040	2	0	}
{	17621761	1762	1761	200	2	0	}
{	17611762	1761	1762	200	2	0	}
{	17627724	1762	7724	440	2	0	}
{	77001783	7700	1783	10	2	0	}
{	17821778	1782	1778	10	2	0	}
{	79007901	7900	7901	1840	2	0	}
{	79017902	7901	7902	1420	2	0	}
{	79027903	7902	7903	600	2	0	}
{	79037904	7903	7904	830	2	0	}
{	79047905	7904	7905	2720	2	0	}
{	79057906	7905	7906	1220	2	0	}
{	79067907	7906	7907	2120	2	0	}
{	79077908	7907	7908	250	2	0	}
{	79087909	7908	7909	1000	2	0	}
{	79097910	7909	7910	980	2	0	}
{	79107911	7910	7911	530	2	0	}
{	79117912	7911	7912	1230	2	0	}
{	79127913	7912	7913	500	2	0	}
{	79137914	7913	7914	390	2	0	}
{	79147915	7914	7915	660	2	0	}
{	79157916	7915	7916	290	2	0	}
{	79167917	7916	7917	470	2	0	}
{	79177919	7917	7919	10	2	0	}
{	79207900	7920	7900	10	2	0	}
{	79177916	7917	7916	440	2	0	}
{	79167915	7916	7915	260	2	0	}
{	79157914	7915	7914	490	2	0	}
{	79147913	7914	7913	470	2	0	}
{	79137912	7913	7912	490	2	0	}
{	79127911	7912	7911	1140	2	0	}
{	79117910	7911	7910	600	2	0	}
{	79107909	7910	7909	1100	2	0	}
{	79097908	7909	7908	990	2	0	}
{	79087907	7908	7907	250	2	0	}
{	79077906	7907	7906	2080	2	0	}
{	79067905	7906	7905	1240	2	0	}
{	79057904	7905	7904	2800	2	0	}
{	79047903	7904	7903	940	2	0	}
{	79037902	7903	7902	500	2	0	}
{	79027901	7902	7901	1290	2	0	}
{	79017900	7901	7900	1700	2	0	}
{	79007922	7900	7922	10	2	0	}
{	79217917	7921	7917	10	2	0	}
{	38053604	3805	3604	10	2	0	}
{	36213800	3621	3800	14600	2	0	}
{	38003801	3800	3801	14340	2	0	}
{	38013802	3801	3802	17200	2	0	}
{	38023804	3802	3804	10	2	0	}
{	38053609	3805	3609	10	2	0	}
{	38063802	3806	3802	10	2	0	}
{	36043807	3604	3807	10	2	0	}
{	38023801	3802	3801	17200	2	0	}
{	38013800	3801	3800	14340	2	0	}
{	38003621	3800	3621	14600	2	0	}
{	71007206	7100	7206	10	2	0	}
{	72187101	7218	7101	10	2	0	}
{	71027218	7102	7218	10	2	0	}
{	72067103	7206	7103	10	2	0	}
{	36293604	3629	3604	10	2	0	}
{	36133630	3613	3630	10	2	0	}
{	36313613	3631	3613	10	2	0	}
{	36043632	3604	3632	10	2	0	}
{	36333600	3633	3600	10	2	0	}
{	36213634	3621	3634	10	2	0	}
{	36353621	3635	3621	10	2	0	}
{	36003636	3600	3636	10	2	0	}
{	35333508	3533	3508	10	2	0	}
{	35243534	3524	3534	10	2	0	}
{	35353524	3535	3524	10	2	0	}
{	35083536	3508	3536	10	2	0	}
{	35373609	3537	3609	10	2	0	}
{	35223538	3522	3538	10	2	0	}
{	35393522	3539	3522	10	2	0	}
{	36093540	3609	3540	10	2	0	}
{	51005101	5100	5101	340	2	0	}
{	51015102	5101	5102	270	2	0	}
{	51025103	5102	5103	320	2	0	}
{	51035104	5103	5104	400	2	0	}
{	51045105	5104	5105	820	2	0	}
{	51055106	5105	5106	430	2	0	}
{	51065107	5106	5107	620	2	0	}
{	51077705	5107	7705	270	2	0	}
{	77065110	7706	5110	260	2	0	}
{	51105111	5110	5111	380	2	0	}
{	51117707	5111	7707	470	2	0	}
{	77075113	7707	5113	240	2	0	}
{	51137708	5113	7708	420	2	0	}
{	77085115	7708	5115	230	2	0	}
{	51155116	5115	5116	380	2	0	}
{	51165117	5116	5117	490	2	0	}
{	51175118	5117	5118	520	2	0	}
{	51185119	5118	5119	310	2	0	}
{	51195120	5119	5120	530	2	0	}
{	51205122	5120	5122	10	2	0	}
{	51235100	5123	5100	10	2	0	}
{	51205121	5120	5121	330	2	0	}
{	51215118	5121	5118	520	2	0	}
{	51185117	5118	5117	340	2	0	}
{	51175116	5117	5116	420	2	0	}
{	51165115	5116	5115	490	2	0	}
{	51157708	5115	7708	290	2	0	}
{	77085113	7708	5113	290	2	0	}
{	51137707	5113	7707	290	2	0	}
{	77075111	7707	5111	480	2	0	}
{	51115110	5111	5110	410	2	0	}
{	51107706	5110	7706	280	2	0	}
{	77055107	7705	5107	340	2	0	}
{	51075106	5107	5106	620	2	0	}
{	51065105	5106	5105	570	2	0	}
{	51055104	5105	5104	680	2	0	}
{	51045103	5104	5103	340	2	0	}
{	51035102	5103	5102	430	2	0	}
{	51025101	5102	5101	180	2	0	}
{	51015100	5101	5100	400	2	0	}
{	51005125	5100	5125	10	2	0	}
{	51245120	5124	5120	10	2	0	}
{	25002501	2500	2501	10	2	0	}
{	25012502	2501	2502	2300	2	0	}
{	25022503	2502	2503	800	2	0	}
{	25032504	2503	2504	500	2	0	}
{	25042505	2504	2505	1000	2	0	}
{	25052506	2505	2506	700	2	0	}
{	25062507	2506	2507	1000	2	0	}
{	25072508	2507	2508	1300	2	0	}
{	25082509	2508	2509	2300	2	0	}
{	25092510	2509	2510	1400	2	0	}
{	25102511	2510	2511	1300	2	0	}
{	25112512	2511	2512	1000	2	0	}
{	25122513	2512	2513	800	2	0	}
{	25132514	2513	2514	1000	2	0	}
{	25142515	2514	2515	10	2	0	}
{	25162514	2516	2514	10	2	0	}
{	25142513	2514	2513	1000	2	0	}
{	25132512	2513	2512	800	2	0	}
{	25122511	2512	2511	1000	2	0	}
{	25112510	2511	2510	1300	2	0	}
{	25102509	2510	2509	1400	2	0	}
{	25092508	2509	2508	2300	2	0	}
{	25082507	2508	2507	1300	2	0	}
{	25072506	2507	2506	1000	2	0	}
{	25062505	2506	2505	700	2	0	}
{	25052504	2505	2504	1000	2	0	}
{	25042503	2504	2503	500	2	0	}
{	25032502	2503	2502	800	2	0	}
{	25022501	2502	2501	2300	2	0	}
{	25012517	2501	2517	10	2	0	}
{	40014050	40001	40050	10	2	0	}
{	40024001	40002	40001	1550	2	2	}
{	40034002	40003	40002	870	2	2	}
{	40044003	40004	40003	3560	2	2	}
{	40054003	40005	40003	280	2	2	}
{	40064005	40006	40005	280	2	1	}
{	40074006	40007	40006	360	2	1	}
{	40084007	40008	40007	810	2	1	}
{	40094008	40009	40008	300	2	1	}
{	40104009	40010	40009	550	2	1	}
{	40114010	40011	40010	580	2	1	}
{	40124011	40012	40011	610	2	1	}
{	40134012	40013	40012	280	2	1	}
{	40144013	40014	40013	410	2	1	}
{	40154014	40015	40014	580	2	1	}
{	40164015	40016	40015	290	2	1	}
{	40184016	40018	40016	950	2	1	}
{	40194018	40019	40018	700	2	1	}
{	40204019	40020	40019	2800	2	1	}
{	40214020	40021	40020	3030	2	1	}
{	40114004	40011	40004	550	2	1	}
{	40184004	40018	40004	5000	2	1	}
{	40224019	40022	40019	10940	2	1	}
{	40224020	40022	40020	9350	2	1	}
{	40234022	40023	40022	10	400	0	}
{	40244023	40024	40023	7520	2	1	}
{	47114021	47101	40021	10	2	0	}
{	47414024	47401	40024	10	2	0	}
{	42214023	42201	40023	10	2	0	}
{	40004001	40000	40001	10	2	0	}
{	40014002	40001	40002	1550	2	2	}
{	40024003	40002	40003	870	2	2	}
{	40034004	40003	40004	3560	2	1	}
{	40034005	40003	40005	280	2	2	}
{	40054006	40005	40006	280	2	1	}
{	40064007	40006	40007	360	2	1	}
{	40074008	40007	40008	810	2	1	}
{	40084009	40008	40009	300	2	1	}
{	40094010	40009	40010	550	2	1	}
{	40104011	40010	40011	580	2	1	}
{	40114012	40011	40012	610	2	1	}
{	40124013	40012	40013	280	2	1	}
{	40134014	40013	40014	410	2	1	}
{	40144015	40014	40015	580	2	1	}
{	40154016	40015	40016	290	2	1	}
{	40164018	40016	40018	950	2	1	}
{	40184019	40018	40019	700	2	1	}
{	40194020	40019	40020	2800	2	1	}
{	40204021	40020	40021	3030	2	1	}
{	40194022	40019	40022	10940	2	1	}
{	40204022	40020	40022	9350	2	1	}
{	40224023	40022	40023	10	400	0	}
{	40234024	40023	40024	7520	2	1	}
{	40244742	40024	47402	10	2	0	}
{	40214712	40021	47102	10	2	0	}
{	40234222	40023	42202	10	2	0	}
{	40044011	40004	40011	550	2	1	}
{	40044018	40004	40018	5000	2	1	}
{	22402241	2240	2241	10	2	0	}
{	22412242	2241	2242	490	2	0	}
{	22422243	2242	2243	630	2	0	}
{	22432244	2243	2244	670	2	0	}
{	22442245	2244	2245	1500	2	0	}
{	22452246	2245	2246	1040	2	0	}
{	22462247	2246	2247	1590	2	0	}
{	22472248	2247	2248	900	2	0	}
{	22482249	2248	2249	640	2	0	}
{	22492236	2249	2236	560	2	0	}
{	22002251	2200	2251	10	2	0	}
{	22522200	2252	2200	10	2	0	}
{	22362249	2236	2249	560	2	0	}
{	22492248	2249	2248	640	2	0	}
{	22482247	2248	2247	900	2	0	}
{	22472246	2247	2246	1590	2	0	}
{	22462245	2246	2245	1040	2	0	}
{	22452244	2245	2244	1500	2	0	}
{	22442243	2244	2243	670	2	0	}
{	22432242	2243	2242	630	2	0	}
{	22422241	2242	2241	490	2	0	}
{	22412250	2241	2250	10	2	0	}
{	70207000	7020	7000	10	2	0	}
{	70007001	7000	7001	330	2	0	}
{	70017002	7001	7002	540	2	0	}
{	70027610	7002	7610	300	2	0	}
{	76127007	7612	7007	270	2	0	}
{	70077008	7007	7008	560	2	0	}
{	70087009	7008	7009	350	2	0	}
{	70097010	7009	7010	220	2	0	}
{	70107011	7010	7011	440	2	0	}
{	70117021	7011	7021	10	2	0	}
{	70227011	7022	7011	10	2	0	}
{	70117010	7011	7010	680	2	0	}
{	70107009	7010	7009	280	2	0	}
{	70097008	7009	7008	280	2	0	}
{	70087007	7008	7007	600	2	0	}
{	70077612	7007	7612	230	2	0	}
{	76107002	7610	7002	300	2	0	}
{	70027001	7002	7001	500	2	0	}
{	70017000	7001	7000	370	2	0	}
{	70007023	7000	7023	10	2	0	}
{	70257625	7025	7625	10	2	0	}
{	76257024	7625	7024	10	2	0	}
							
							
							
							
							
							
							
							
