routes:	70
{ 14 101 108 20{ 10101 12 23 34 45 56 67 78 89 910 1011 1112 1213 1314 1415 1516 1617 1718 1819 190108} }
{ 13 103 106 26{ 103020 2021 2122 227 78 89 910 1011 1112 1213 1314 1423 2324 2425 2526 2627 2728 2829 2930 3031 3132 3233 3334 3435 3536 360106} }
{ 213 105 104 26{ 105036 3635 3534 3433 3332 3231 3130 3029 2928 2827 2726 2625 2524 2423 2314 1413 1312 1211 1110 109 98 87 722 2221 2120 200104} }
{ 214 107 102 20{ 107019 1918 1817 1716 1615 1514 1413 1312 1211 1110 109 98 87 76 65 54 43 32 21 10102} }
{ 19 109 116 36{ 109050 5051 5152 5253 5354 5455 5556 5657 5758 5859 5960 6061 6162 6263 6364 6447 4765 6566 6667 6768 688 89 910 1069 6970 7071 7172 7273 7374 7475 7576 7677 7778 7879 7980 800116} }
{ 17 111 120 25{ 111058 5859 5960 6061 6162 6263 6364 6447 4765 6566 6667 6768 688 89 910 1069 6970 7071 7181 8182 8283 8384 8485 8586 860120} }
{ 18 113 118 24{ 113062 6263 6364 6447 4765 6566 6667 6768 688 89 910 1069 6970 7071 7181 8187 8788 8889 8990 9091 9192 9293 9394 940118} }
{ 219 115 110 36{ 115080 8079 7978 7877 7776 7675 7574 7473 7372 7271 7170 7069 6910 109 98 868 6867 6766 6665 6547 4764 6463 6362 6261 6160 6059 5958 5857 5756 5655 5554 5453 5352 5251 5150 500110} }
{ 218 117 114 24{ 117094 9493 9392 9291 9190 9089 8988 8887 8781 8171 7170 7069 6910 109 98 868 6867 6766 6665 6547 4764 6463 6362 620114} }
{ 217 119 112 25{ 119086 8685 8584 8483 8382 8281 8171 7170 7069 6910 109 98 868 6867 6766 6665 6547 4764 6463 6362 6261 6160 6059 5958 580112} }
{ 10 121 126 15{ 121037 3738 3839 3940 4041 4142 4243 4344 4445 4546 4647 4748 488 849 490126} }
{ 11 123 126 13{ 123095 9596 9697 9798 9899 99100 10045 4546 4647 4748 488 849 490126} }
{ 210 125 122 15{ 125049 498 848 4847 4746 4645 4544 4443 4342 4241 4140 4039 3938 3837 370122} }
{ 211 125 124 13{ 125049 498 848 4847 4746 4645 45100 10099 9998 9897 9796 9695 950124} }
{ 4 432 433 32{ 432400 400401 401402 402403 403404 404405 405406 406407 407408 408409 409410 410411 411412 412413 413414 414415 415416 416417 417418 418419 419420 420421 421422 422423 423424 424425 425426 426427 427428 428429 429430 430433} }
{ 24 434 435 31{ 434430 430429 429428 428427 427426 426425 425424 424423 423422 422420 420419 419418 418417 417416 416415 415414 414413 413412 412411 411410 410409 409408 408407 407406 406405 405404 404403 403402 402401 401400 400435} }
{ 1 1033 1034 34{ 10331000 10001001 10011002 10021003 10031004 10041005 10051006 10061007 1007417 417416 416415 4151011 10111012 10121013 10131014 10141015 10151016 10161017 10171018 10181019 10191020 10201021 1021405 405404 404403 4031025 10251026 10261027 10271028 10281029 10291030 10301031 10311032 10321034} }
{ 21 1035 1036 33{ 10351032 10321031 10311030 10301029 10291028 10281027 10271026 10261025 1025403 403404 404405 4051021 10211019 10191018 10181017 10171016 10161015 10151014 10141013 10131012 10121011 1011415 415416 416417 4171007 10071006 10061005 10051004 10041003 10031002 10021001 10011000 10001036} }
{ 176 1781 1780 44{ 17817700 77007701 77017702 77027703 77037704 77047705 77057706 77067707 77077708 77087709 77097710 77107711 77117712 77127713 77137714 77147715 77157716 77167717 77177718 77187719 77197720 77207721 77217722 77227723 77237724 77241760 17601761 17611763 17631764 17641765 17651766 17661767 17671768 17681769 17691770 17701771 17711772 17721773 17731774 17741775 17751776 17761777 17771778 17781780} }
{ 2176 1782 1783 44{ 17821778 17781777 17771776 17761775 17751774 17741773 17731772 17721771 17711770 17701769 17691768 17681767 17671766 17661765 17651764 17641762 17621761 17611762 17627724 77247723 77237722 77227721 77217720 77207719 77197718 77187717 77177716 77167715 77157714 77147713 77137712 77127711 77117710 77107709 77097708 77087707 77077706 77067705 77057704 77047703 77037702 77027701 77017700 77001783} }
{ 22 2023 2026 24{ 20232021 20212020 20202019 20192018 20183007 30073008 30083009 30092014 20142013 20132012 20122011 20112010 20102009 20092008 2008409 409410 410411 411412 4122004 20042003 20032002 20022001 20012000 20002026} }
{ 2 2025 2024 23{ 20252000 20002001 20012002 20022003 20032004 2004412 412411 411410 4102008 20082009 20092010 20102011 20112012 20122013 20132014 20143009 30093008 30083007 30072018 20182019 20192020 20202021 20212024} }
{ 122 2218 2221 28{ 22182230 22302231 22312232 22322233 22332234 22342235 22352236 22362237 22372238 22382200 22002201 22012202 22022203 22032204 22042205 22052206 22062207 22072208 22082209 22092210 22102211 22112212 22122213 22132214 22142215 22152216 22162217 22172221} }
{ 2122 2220 2219 28{ 22202217 22172216 22162215 22152214 22142213 22132212 22122211 22112210 22102209 22092208 22082207 22072206 22062205 22052204 22042203 22032202 22022201 22012200 22002238 22382237 22372236 22362235 22352234 22342233 22332232 22322231 22312230 22302219} }
{ 2123 2220 2250 31{ 22202217 22172216 22162215 22152214 22142213 22132212 22122211 22112210 22102209 22092208 22082207 22072206 22062205 22052204 22042203 22032202 22022201 22012200 22002238 22382237 22372236 22362249 22492248 22482247 22472246 22462245 22452244 22442243 22432242 22422241 22412250} }
{ 123 2240 2221 31{ 22402241 22412242 22422243 22432244 22442245 22452246 22462247 22472248 22482249 22492236 22362237 22372238 22382200 22002201 22012202 22022203 22032204 22042205 22052206 22062207 22072208 22082209 22092210 22102211 22112212 22122213 22132214 22142215 22152216 22162217 22172221} }
{ 25 2500 2515 15{ 25002501 25012502 25022503 25032504 25042505 25052506 25062507 25072508 25082509 25092510 25102511 25112512 25122513 25132514 25142515} }
{ 225 2516 2517 15{ 25162514 25142513 25132512 25122511 25112510 25102509 25092508 25082507 25072506 25062505 25052504 25042503 25032502 25022501 25012517} }
{ 23 3027 3030 24{ 30273025 30253024 30243023 30233022 3022413 413414 414415 4153016 30163015 30153014 30143013 30133012 30123011 30113010 30103009 30093008 30083007 30073006 30063005 3005429 429428 428427 4273000 30003030} }
{ 3 3029 3028 26{ 30293000 3000427 427428 428429 4293005 30053006 30063007 30073008 30083009 30093010 30103011 30113012 30123013 30133014 30143015 30153016 3016416 416415 415414 414413 4133021 30213022 30223023 30233024 30243025 30253028} }
{ 35 3529 3530 28{ 35293500 35003501 35013502 35023503 35033504 35043505 35053506 35063507 35073508 35083509 35093510 35103511 35113512 35123513 35133609 36093610 36103611 36113612 36123613 36133519 35193520 35203521 35213522 35223523 35233524 35243525 35253526 35263530} }
{ 235 3531 3532 28{ 35313526 35263525 35253524 35243523 35233522 35223521 35213520 35203519 35193613 36133612 36123611 36113610 36103609 36093513 35133512 35123511 35113510 35103509 35093508 35083507 35073506 35063505 35053504 35043503 35033502 35023501 35013500 35003532} }
{ 351 3533 3534 18{ 35333508 35083509 35093510 35103511 35113512 35123513 35133609 36093610 36103611 36113612 36123613 36133519 35193520 35203521 35213522 35223523 35233524 35243534} }
{ 2351 3535 3536 18{ 35353524 35243523 35233522 35223521 35213520 35203519 35193613 36133612 36123611 36113610 36103609 36093513 35133512 35123511 35113510 35103509 35093508 35083536} }
{ 352 3537 3538 10{ 35373609 36093610 36103611 36113612 36123613 36133519 35193520 35203521 35213522 35223538} }
{ 2352 3539 3540 10{ 35393522 35223521 35213520 35203519 35193613 36133612 36123611 36113610 36103609 36093540} }
{ 36 3626 3625 25{ 36263600 36003601 36013602 36023603 36033604 36043605 36053606 36063607 36073608 36083609 36093610 36103611 36113612 36123613 36133614 36143615 36153616 36163617 36173618 36183619 36193620 36203621 36213622 36223623 36233625} }
{ 236 3627 3628 25{ 36273623 36233622 36223621 36213620 36203619 36193618 36183617 36173616 36163615 36153614 36143613 36133612 36123611 36113610 36103609 36093608 36083607 36073606 36063605 36053604 36043603 36033602 36023601 36013600 36003628} }
{ 361 3629 3630 11{ 36293604 36043605 36053606 36063607 36073608 36083609 36093610 36103611 36113612 36123613 36133630} }
{ 2361 3631 3632 11{ 36313613 36133612 36123611 36113610 36103609 36093608 36083607 36073606 36063605 36053604 36043632} }
{ 362 3633 3634 23{ 36333600 36003601 36013602 36023603 36033604 36043605 36053606 36063607 36073608 36083609 36093610 36103611 36113612 36123613 36133614 36143615 36153616 36163617 36173618 36183619 36193620 36203621 36213634} }
{ 2362 3635 3636 23{ 36353621 36213620 36203619 36193618 36183617 36173616 36163615 36153614 36143613 36133612 36123611 36113610 36103609 36093608 36083607 36073606 36063605 36053604 36043603 36033602 36023601 36013600 36003636} }
{ 38 3805 3804 22{ 38053604 36043605 36053606 36063607 36073608 36083609 36093610 36103611 36113612 36123613 36133614 36143615 36153616 36163617 36173618 36183619 36193620 36203621 36213800 38003801 38013802 38023804} }
{ 238 3806 3807 22{ 38063802 38023801 38013800 38003621 36213620 36203619 36193618 36183617 36173616 36163615 36153614 36143613 36133612 36123611 36113610 36103609 36093608 36083607 36073606 36063605 36053604 36043807} }
{ 515 5123 5122 22{ 51235100 51005101 51015102 51025103 51035104 51045105 51055106 51065107 51077705 77057706 77065110 51105111 51117707 77075113 51137708 77085115 51155116 51165117 51175118 51185119 51195120 51205122} }
{ 2515 5124 5125 22{ 51245120 51205121 51215118 51185117 51175116 51165115 51157708 77085113 51137707 77075111 51115110 51107706 77067705 77055107 51075106 51065105 51055104 51045103 51035102 51025101 51015100 51005125} }
{ 7 7020 7021 12{ 70207000 70007001 70017002 70027610 76107611 76117612 76127007 70077008 70087009 70097010 70107011 70117021} }
{ 8 7020 7024 19{ 70207000 70007001 70017002 70027610 76107611 76117612 76127613 76137614 76147615 76157616 76161031 10311032 10327620 76207621 76217622 76227623 76237624 76247625 76257024} }
{ 27 7022 7023 12{ 70227011 70117010 70107009 70097008 70087007 70077612 76127611 76117610 76107002 70027001 70017000 70007023} }
{ 28 7025 7023 19{ 70257625 76257624 76247623 76237622 76227621 76217620 76201032 10321031 10317616 76167615 76157614 76147613 76137612 76127611 76117610 76107002 70027001 70017000 70007023} }
{ 171 7100 7101 14{ 71007206 72067207 72077208 72087209 72097210 72107211 72117212 72127213 72137214 72147215 72157216 72167217 72177218 72187101} }
{ 2171 7102 7103 14{ 71027218 72187217 72177216 72167215 72157214 72147213 72137212 72127211 72117210 72107209 72097208 72087207 72077206 72067103} }
{ 172 7234 7233 33{ 72347200 72007201 72017202 72027203 72037204 72047205 72057206 72067207 72077208 72087209 72097210 72107211 72117212 72127213 72137214 72147215 72157216 72167217 72177218 72187219 72197220 72207221 72217222 72227223 72237224 72247225 72257226 72267227 72277228 72287229 72297230 72307231 72317233} }
{ 2172 7235 7236 32{ 72357231 72317230 72307228 72287227 72277226 72267225 72257224 72247223 72237222 72227221 72217220 72207219 72197218 72187217 72177216 72167215 72157214 72147213 72137212 72127211 72117210 72107209 72097208 72087207 72077206 72067205 72057204 72047203 72037202 72027201 72017200 72007236} }
{ 173 7332 7331 31{ 73327300 73007301 73017302 73027303 73037304 73047305 73057306 73067307 73077308 73087309 73097310 73107311 73117312 73127313 73137314 73147315 73157316 73167317 73177318 73187319 73197320 73207321 73217322 73227323 73237324 73247227 72277228 72287229 72297230 72307231 72317331} }
{ 2173 7333 7334 30{ 73337231 72317230 72307228 72287227 72277324 73247323 73237322 73227321 73217320 73207319 73197318 73187317 73177316 73167315 73157314 73147313 73137312 73127311 73117310 73107309 73097308 73087307 73077306 73067305 73057304 73047303 73037302 73027301 73017300 73007334} }
{ 76 7628 7631 26{ 76287600 76003005 30053006 30063007 30073008 30083009 30092014 20142013 20132012 20122011 20117610 76107611 76117612 76127613 76137614 76147615 76157616 76161031 10311032 10327620 76207621 76217622 76227623 76237624 76247625 76257631} }
{ 276 7630 7629 26{ 76307625 76257624 76247623 76237622 76227621 76217620 76201032 10321031 10317616 76167615 76157614 76147613 76137612 76127611 76117610 76102011 20112012 20122013 20132014 20143009 30093008 30083007 30073006 30063005 30057600 76007629} }
{ 177 7738 7737 37{ 77387700 77007701 77017702 77027703 77037704 77047705 77057706 77067707 77077708 77087709 77097710 77107711 77117712 77127713 77137714 77147715 77157716 77167717 77177718 77187719 77197720 77207721 77217722 77227723 77237724 77247725 77257726 77267727 77277728 77287729 77297730 77307731 77317732 77327733 77337734 77347735 77357737} }
{ 2177 7739 7740 37{ 77397735 77357734 77347733 77337732 77327731 77317730 77307729 77297728 77287727 77277726 77267725 77257724 77247723 77237722 77227721 77217720 77207719 77197718 77187717 77177716 77167715 77157714 77147713 77137712 77127711 77117710 77107709 77097708 77087707 77077706 77067705 77057704 77047703 77037702 77027701 77017700 77007740} }
{ 178 7822 7821 21{ 78227700 77007701 77017702 77027803 78037804 78047805 78057806 78067807 78077808 78087809 78097810 78107811 78117812 78127813 78137814 78147815 78157816 78167817 78177818 78187819 78197821} }
{ 2178 7823 7824 21{ 78237819 78197818 78187817 78177816 78167815 78157814 78147813 78137812 78127811 78117810 78107809 78097808 78087807 78077806 78067805 78057804 78047803 78037702 77027701 77017700 77007824} }
{ 179 7920 7919 19{ 79207900 79007901 79017902 79027903 79037904 79047905 79057906 79067907 79077908 79087909 79097910 79107911 79117912 79127913 79137914 79147915 79157916 79167917 79177919} }
{ 2179 7921 7922 19{ 79217917 79177916 79167915 79157914 79147913 79137912 79127911 79117910 79107909 79097908 79087907 79077906 79067905 79057904 79047903 79037902 79027901 79017900 79007922} }
{ 2422 40000 42202 21{ 40004001 40014002 40024003 40034005 40054006 40064007 40074008 40084009 40094010 40104011 40114012 40124013 40134014 40144015 40154016 40164018 40184019 40194020 40204022 40224023 40234222} }
{ 2471 40000 47102 15{ 40004001 40014002 40024003 40034004 40044011 40114012 40124013 40134014 40144015 40154016 40164018 40184019 40194020 40204021 40214712} }
{ 2474 40000 47402 10{ 40004001 40014002 40024003 40034004 40044018 40184019 40194022 40224023 40234024 40244742} }
{ 422 42201 40050 21{ 42214023 40234022 40224020 40204019 40194018 40184016 40164015 40154014 40144013 40134012 40124011 40114010 40104009 40094008 40084007 40074006 40064005 40054003 40034002 40024001 40014050} }
{ 471 47101 40050 15{ 47114021 40214020 40204019 40194018 40184016 40164015 40154014 40144013 40134012 40124011 40114004 40044003 40034002 40024001 40014050} }
{ 474 47401 40050 10{ 47414024 40244023 40234022 40224019 40194018 40184004 40044003 40034002 40024001 40014050} }
