turnings: 1130
{	1	1	1	10101	12	20	}
{	2	2	1	12	23	20	}
{	3	3	1	23	34	20	}
{	4	4	1	34	45	20	}
{	5	5	1	45	56	20	}
{	6	6	1	56	67	20	}
{	7	7	1	67	78	20	}
{	8	8	1	78	89	20	}
{	9	9	1	89	910	20	}
{	10	10	1	910	1011	20	}
{	11	11	1	1011	1112	20	}
{	12	12	1	1112	1213	20	}
{	13	13	1	1213	1314	20	}
{	14	14	1	1314	1415	20	}
{	15	15	1	1415	1516	20	}
{	16	16	1	1516	1617	20	}
{	17	17	1	1617	1718	20	}
{	18	18	1	1718	1819	20	}
{	19	19	1	1819	190108	20	}
{	20	1	1	21	10102	20	}
{	21	2	1	32	21	20	}
{	22	3	1	43	32	20	}
{	23	4	1	54	43	20	}
{	24	5	1	65	54	20	}
{	25	6	1	76	65	20	}
{	26	7	1	87	76	20	}
{	27	8	1	98	87	20	}
{	28	9	1	109	98	20	}
{	29	10	1	1110	109	20	}
{	30	11	1	1211	1110	20	}
{	31	12	1	1312	1211	20	}
{	32	13	1	1413	1312	20	}
{	33	14	1	1514	1413	20	}
{	34	15	1	1615	1514	20	}
{	35	16	1	1716	1615	20	}
{	36	17	1	1817	1716	20	}
{	37	18	1	1918	1817	20	}
{	38	19	1	107019	1918	20	}
{	39	37	1	121037	3738	20	}
{	40	38	1	3738	3839	20	}
{	41	39	1	3839	3940	20	}
{	42	40	1	3940	4041	20	}
{	43	41	1	4041	4142	20	}
{	44	42	1	4142	4243	20	}
{	45	43	1	4243	4344	20	}
{	46	44	1	4344	4445	20	}
{	47	45	1	4445	4546	20	}
{	48	46	1	4546	4647	20	}
{	49	47	1	4647	4748	20	}
{	50	48	1	4748	488	20	}
{	51	8	1	488	849	20	}
{	52	49	1	849	490126	20	}
{	53	37	1	3837	370122	20	}
{	54	38	1	3938	3837	20	}
{	55	39	1	4039	3938	20	}
{	56	40	1	4140	4039	20	}
{	57	41	1	4241	4140	20	}
{	58	42	1	4342	4241	20	}
{	59	43	1	4443	4342	20	}
{	60	44	1	4544	4443	20	}
{	61	45	1	4645	4544	20	}
{	62	46	1	4746	4645	20	}
{	63	47	1	4847	4746	20	}
{	64	48	1	848	4847	20	}
{	65	8	1	498	848	20	}
{	66	49	1	125049	498	20	}
{	67	95	1	123095	9596	20	}
{	68	96	1	9596	9697	20	}
{	69	97	1	9697	9798	20	}
{	70	98	1	9798	9899	20	}
{	71	99	1	9899	99100	20	}
{	72	100	1	99100	10045	20	}
{	73	45	1	10045	4546	20	}
{	74	95	1	9695	950124	20	}
{	75	96	1	9796	9695	20	}
{	76	97	1	9897	9796	20	}
{	77	98	1	9998	9897	20	}
{	78	99	1	10099	9998	20	}
{	79	100	1	45100	10099	20	}
{	80	45	1	4645	45100	20	}
{	81	20	1	103020	2021	20	}
{	82	21	1	2021	2122	20	}
{	83	22	1	2122	227	20	}
{	84	7	1	227	78	20	}
{	85	14	1	1314	1423	20	}
{	86	23	1	1423	2324	20	}
{	87	24	1	2324	2425	20	}
{	88	25	1	2425	2526	20	}
{	89	26	1	2526	2627	20	}
{	90	27	1	2627	2728	20	}
{	91	28	1	2728	2829	20	}
{	92	29	1	2829	2930	20	}
{	93	30	1	2930	3031	20	}
{	94	31	1	3031	3132	20	}
{	95	32	1	3132	3233	20	}
{	96	33	1	3233	3334	20	}
{	97	34	1	3334	3435	20	}
{	98	35	1	3435	3536	20	}
{	99	36	1	3536	360106	20	}
{	100	20	1	2120	200104	20	}
{	101	21	1	2221	2120	20	}
{	102	22	1	722	2221	20	}
{	103	7	1	87	722	20	}
{	104	14	1	2314	1413	20	}
{	105	23	1	2423	2314	20	}
{	106	24	1	2524	2423	20	}
{	107	25	1	2625	2524	20	}
{	108	26	1	2726	2625	20	}
{	109	27	1	2827	2726	20	}
{	110	28	1	2928	2827	20	}
{	111	29	1	3029	2928	20	}
{	112	30	1	3130	3029	20	}
{	113	31	1	3231	3130	20	}
{	114	32	1	3332	3231	20	}
{	115	33	1	3433	3332	20	}
{	116	34	1	3534	3433	20	}
{	117	35	1	3635	3534	20	}
{	118	36	1	105036	3635	20	}
{	119	50	1	109050	5051	20	}
{	120	51	1	5051	5152	20	}
{	121	52	1	5152	5253	20	}
{	122	53	1	5253	5354	20	}
{	123	54	1	5354	5455	20	}
{	124	55	1	5455	5556	20	}
{	125	56	1	5556	5657	20	}
{	126	57	1	5657	5758	20	}
{	127	58	1	5758	5859	20	}
{	128	59	1	5859	5960	20	}
{	129	60	1	5960	6061	20	}
{	130	61	1	6061	6162	20	}
{	131	62	1	6162	6263	20	}
{	132	63	1	6263	6364	20	}
{	133	64	1	6364	6447	20	}
{	134	47	1	6447	4765	20	}
{	135	65	1	4765	6566	20	}
{	136	66	1	6566	6667	20	}
{	137	67	1	6667	6768	20	}
{	138	68	1	6768	688	20	}
{	139	8	1	688	89	20	}
{	140	10	1	910	1069	20	}
{	141	69	1	1069	6970	20	}
{	142	70	1	6970	7071	20	}
{	143	71	1	7071	7172	20	}
{	144	72	1	7172	7273	20	}
{	145	73	1	7273	7374	20	}
{	146	74	1	7374	7475	20	}
{	147	75	1	7475	7576	20	}
{	148	76	1	7576	7677	20	}
{	149	77	1	7677	7778	20	}
{	150	78	1	7778	7879	20	}
{	151	79	1	7879	7980	20	}
{	152	80	1	7980	800116	20	}
{	153	50	1	5051	500110	20	}
{	154	51	1	5251	5150	20	}
{	155	52	1	5352	5251	20	}
{	156	53	1	5453	5352	20	}
{	157	54	1	5554	5453	20	}
{	158	55	1	5655	5554	20	}
{	159	56	1	5756	5655	20	}
{	160	57	1	5857	5756	20	}
{	161	58	1	5958	5857	20	}
{	162	59	1	6059	5958	20	}
{	163	60	1	6160	6059	20	}
{	164	61	1	6261	6160	20	}
{	165	62	1	6362	6261	20	}
{	166	63	1	6463	6362	20	}
{	167	64	1	4764	6463	20	}
{	168	47	1	6547	4764	20	}
{	169	65	1	6665	6547	20	}
{	170	66	1	6766	6665	20	}
{	171	67	1	6867	6766	20	}
{	172	68	1	868	6867	20	}
{	173	8	1	98	868	20	}
{	174	10	1	6910	109	20	}
{	175	69	1	7069	6910	20	}
{	176	70	1	7170	7069	20	}
{	177	71	1	7271	7170	20	}
{	178	72	1	7372	7271	20	}
{	179	73	1	7473	7372	20	}
{	180	74	1	7574	7473	20	}
{	181	75	1	7675	7574	20	}
{	182	76	1	7776	7675	20	}
{	183	77	1	7877	7776	20	}
{	184	78	1	7978	7877	20	}
{	185	79	1	8079	7978	20	}
{	186	80	1	115080	8079	20	}
{	187	58	1	111058	5859	20	}
{	188	71	1	7071	7181	20	}
{	189	81	1	7181	8182	20	}
{	190	82	1	8182	8283	20	}
{	191	83	1	8283	8384	20	}
{	192	84	1	8384	8485	20	}
{	193	85	1	8485	8586	20	}
{	194	86	1	8586	860120	20	}
{	195	58	1	5958	580112	20	}
{	196	71	1	8171	7170	20	}
{	197	81	1	8281	8171	20	}
{	198	82	1	8382	8281	20	}
{	199	83	1	8483	8382	20	}
{	200	84	1	8584	8483	20	}
{	201	85	1	8685	8584	20	}
{	202	86	1	119086	8685	20	}
{	203	62	1	113062	6263	20	}
{	204	81	1	7181	8187	20	}
{	205	87	1	8187	8788	20	}
{	206	88	1	8788	8889	20	}
{	207	89	1	8889	8990	20	}
{	208	90	1	8990	9091	20	}
{	209	91	1	9091	9192	20	}
{	210	92	1	9192	9293	20	}
{	211	93	1	9293	9394	20	}
{	212	94	1	9394	940118	20	}
{	213	62	1	6362	620114	20	}
{	214	81	1	8781	8171	20	}
{	215	87	1	8887	8781	20	}
{	216	88	1	8988	8887	20	}
{	217	89	1	9089	8988	20	}
{	218	90	1	9190	9089	20	}
{	219	91	1	9291	9190	20	}
{	220	92	1	9392	9291	20	}
{	221	93	1	9493	9392	20	}
{	222	94	1	117094  9493	20	}	
{	223	400	401	432400	400401	20	}
{	224	401	402	400401	401402	20	}
{	225	402	403	401402	402403	20	}
{	226	403	404	402403	403404	20	}
{	227	404	405	403404	404405	20	}
{	228	405	406	404405	405406	20	}
{	229	406	407	405406	406407	20	}
{	230	407	408	406407	407408	20	}
{	231	408	409	407408	408409	20	}
{	232	409	410	408409	409410	20	}
{	233	410	411	409410	410411	20	}
{	234	411	412	410411	411412	20	}
{	235	412	413	411412	412413	20	}
{	236	413	414	412413	413414	20	}
{	237	414	415	413414	414415	20	}
{	238	415	416	414415	415416	20	}
{	239	416	417	415416	416417	20	}
{	240	417	418	416417	417418	20	}
{	241	418	419	417418	418419	20	}
{	242	419	420	418419	419420	20	}
{	243	420	421	419420	420421	20	}
{	244	421	422	420421	421422	20	}
{	245	422	423	421422	422423	20	}
{	246	423	424	422423	423424	20	}
{	247	424	425	423424	424425	20	}
{	248	425	426	424425	425426	20	}
{	249	426	427	425426	426427	20	}
{	250	427	428	426427	427428	20	}
{	251	428	429	427428	428429	20	}
{	252	429	430	428429	429430	20	}
{	253	430	1	429430	430433	20	}
{	254	430	2431	434430	430429	20	}
{	255	429	2430	430429	429428	20	}
{	256	428	2429	429428	428427	20	}
{	257	427	2428	428427	427426	20	}
{	258	426	2427	427426	426425	20	}
{	259	425	2426	426425	425424	20	}
{	260	424	2425	425424	424423	20	}
{	261	423	2424	424423	423422	20	}
{	262	422	2423	423422	422420	20	}
{	263	420	2422	422420	420419	20	}
{	264	419	2420	420419	419418	20	}
{	265	418	2419	419418	418417	20	}
{	266	417	2418	418417	417416	20	}
{	267	416	2417	417416	416415	20	}
{	268	415	2416	416415	415414	20	}
{	269	414	2415	415414	414413	20	}
{	270	413	2414	414413	413412	20	}
{	271	412	2413	413412	412411	20	}
{	272	411	2412	412411	411410	20	}
{	273	410	2411	411410	410409	20	}
{	274	409	2410	410409	409408	20	}
{	275	408	2409	409408	408407	20	}
{	276	407	2408	408407	407406	20	}
{	460	406	2407	407406	406405	20	}
{	277	405	2406	406405	405404	20	}
{	278	404	2405	405404	404403	20	}
{	279	403	2404	404403	403402	20	}
{	280	402	2403	403402	402401	20	}
{	281	401	2402	402401	401400	20	}
{	282	400	1	401400	400435	20	}
{	283	1000	101	10331000	10001001	20	}
{	284	1001	102	10001001	10011002	20	}
{	285	1002	103	10011002	10021003	20	}
{	286	1003	104	10021003	10031004	20	}
{	287	1004	105	10031004	10041005	20	}
{	288	1005	106	10041005	10051006	20	}
{	289	1006	107	10051006	10061007	20	}
{	290	1007	108	10061007	1007417	20	}
{	291	417	241700	1007417	417416	20	}
{	292	415	11100	416415	4151011	20	}
{	293	1011	112	4151011	10111012	20	}
{	294	1012	113	10111012	10121013	20	}
{	295	1013	114	10121013	10131014	20	}
{	296	1014	115	10131014	10141015	20	}
{	297	1015	116	10141015	10151016	20	}
{	298	1016	117	10151016	10161017	20	}
{	299	1017	118	10161017	10171018	20	}
{	300	1018	119	10171018	10181019	20	}
{	301	1019	120	10181019	10191020	20	}
{	302	1020	121	10191020	10201021	20	}
{	303	1021	122	10201021	1021405	20	}
{	304	405	240500	1021405	405404	20	}
{	305	403	12500	404403	4031025	20	}
{	306	1025	126	4031025	10251026	20	}
{	307	1026	127	10251026	10261027	20	}
{	308	1027	128	10261027	10271028	20	}
{	309	1028	129	10271028	10281029	20	}
{	310	1029	130	10281029	10291030	20	}
{	311	1030	131	10291030	10301031	20	}
{	312	1031	132	10301031	10311032	20	}
{	313	1032	1	10311032	10321034	20	}
{	314	1032	2131	10351032	10321031	20	}
{	315	1031	2130	10321031	10311030	20	}
{	316	1030	2129	10311030	10301029	20	}
{	317	1029	2128	10301029	10291028	20	}
{	318	1028	2127	10291028	10281027	20	}
{	319	1027	2126	10281027	10271026	20	}
{	320	1026	2125	10271026	10261025	20	}
{	321	1025	2124	10261025	1025403	20	}
{	322	403	212311	1025403	403404	20	}
{	323	405	40511	404405	4051021	20	}
{	324	1021	2120	4051021	10211019	20	}
{	325	1019	2119	10211019	10191018	20	}
{	326	1018	2118	10191018	10181017	20	}
{	327	1017	2117	10181017	10171016	20	}
{	328	1016	2116	10171016	10161015	20	}
{	329	1015	2115	10161015	10151014	20	}
{	330	1014	2114	10151014	10141013	20	}
{	331	1013	2113	10141013	10131012	20	}
{	332	1012	2112	10131012	10121011	20	}
{	333	1011	2111	10121011	1011415	20	}
{	334	415	211011	1011415	415416	20	}
{	335	417	41711	416417	4171007	20	}
{	336	1007	2108	4171007	10071006	20	}
{	337	1006	2107	10071006	10061005	20	}
{	338	1005	2106	10061005	10051004	20	}
{	339	1004	2105	10051004	10041003	20	}
{	340	1003	2104	10041003	10031002	20	}
{	341	1002	2103	10031002	10021001	20	}
{	342	1001	2102	10021001	10011000	20	}
{	343	1000	1	10011000	10001036	20	}
{	344	3000	301	30293000	3000427	20	}
{	345	427	42831	3000427	427428	20	}
{	346	429	30531	428429	4293005	20	}
{	347	3005	306	4293005	30053006	20	}
{	348	3006	307	30053006	30063007	20	}
{	349	3007	308	30063007	30073008	20	}
{	350	3008	309	30073008	30083009	20	}
{	351	3009	310	30083009	30093010	20	}
{	352	3010	311	30093010	30103011	20	}
{	353	3011	312	30103011	30113012	20	}
{	354	3012	313	30113012	30123013	20	}
{	355	3013	314	30123013	30133014	20	}
{	356	3014	315	30133014	30143015	20	}
{	357	3015	316	30143015	30153016	20	}
{	358	3016	317	30153016	3016416	20	}
{	359	416	241631	3016416	416415	20	}
{	360	413	32131	414413	4133021	20	}
{	361	3021	322	4133021	30213022	20	}
{	362	3022	323	30213022	30223023	20	}
{	363	3023	324	30223023	30233024	20	}
{	364	3024	325	30233024	30243025	20	}
{	365	3025	1	30243025	30253028	20	}
{	366	3025	2326	30273025	30253024	20	}
{	367	3024	2325	30253024	30243023	20	}
{	368	3023	2324	30243023	30233022	20	}
{	369	3022	2323	30233022	3022413	20	}
{	370	413	232132	3022413	413414	20	}
{	371	415	41532	414415	4153016	20	}
{	372	3016	2318	4153016	30163015	20	}
{	373	3015	2317	30163015	30153014	20	}
{	374	3014	2316	30153014	30143013	20	}
{	375	3013	2314	30143013	30133012	20	}
{	376	3012	2313	30133012	30123011	20	}
{	377	3011	2312	30123011	30113010	20	}
{	378	3010	2311	30113010	30103009	20	}
{	379	3009	2310	30103009	30093008	20	}
{	380	3008	2309	30093008	30083007	20	}
{	381	3007	2308	30083007	30073006	20	}
{	382	3006	2307	30073006	30063005	20	}
{	383	3005	2306	30063005	3005429	20	}
{	384	429	230532	3005429	429428	20	}
{	385	427	242832	428427	4273000	20	}
{	386	3000	1	4273000	30003030	20	}
{	387	2000	201	20252000	20002001	20	}
{	388	2001	202	20002001	20012002	20	}
{	389	2002	203	20012002	20022003	20	}
{	390	2003	204	20022003	20032004	20	}
{	391	2004	205	20032004	2004412	20	}
{	392	412	241221	2004412	412411	20	}
{	393	410	20821	411410	4102008	20	}
{	394	2008	209	4102008	20082009	20	}
{	395	2009	210	20082009	20092010	20	}
{	396	2010	211	20092010	20102011	20	}
{	397	2011	212	20102011	20112012	20	}
{	398	2012	213	20112012	20122013	20	}
{	399	2013	214	20122013	20132014	20	}
{	400	2014	215	20132014	20143009	20	}
{	401	3009	230921	20143009	30093008	20	}
{	402	3007	21821	30083007	30072018	20	}
{	403	2018	219	30072018	20182019	20	}
{	404	2019	220	20182019	20192020	20	}
{	405	2020	221	20192020	20202021	20	}
{	406	2021	1	20202021	20212024	20	}
{	407	2021	2222	20232021	20212020	20	}
{	408	2020	2221	20212020	20202019	20	}
{	409	2019	2220	20202019	20192018	20	}
{	410	2018	2219	20192018	20183007	20	}
{	411	3007	221822	20183007	30073008	20	}
{	412	3009	30922	30083009	30092014	20	}
{	413	2014	2215	30092014	20142013	20	}
{	414	2013	2214	20142013	20132012	20	}
{	415	2012	2213	20132012	20122011	20	}
{	416	2011	2212	20122011	20112010	20	}
{	417	2010	2211	20112010	20102009	20	}
{	418	2009	2210	20102009	20092008	20	}
{	419	2008	2209	20092008	2008409	20	}
{	420	409	220822	2008409	409410	20	}
{	421	412	41222	411412	4122004	20	}
{	422	2004	2205	4122004	20042003	20	}
{	423	2003	2204	20042003	20032002	20	}
{	424	2002	2203	20032002	20022001	20	}
{	425	2001	2202	20022001	20012000	20	}
{	426	2000	1	20012000	20002026	20	}
{	427	7600	7601	76287600	76003005	20	}
{	428	3005	306761	76003005	30053006	20	}
{	429	2011	2228761	20122011	20117610	20	}
{	430	7610	7611    20117610	76107611	20	}	
{	431	7611	7612	76107611	76117612	20	}
{	432	7612	7613	76117612	76127613	20	}
{	433	7613	7614	76127613	76137614	20	}
{	434	7614	7615	76137614	76147615	20	}
{	435	7615	7616	76147615	76157616	20	}
{	436	7616	7617	76157616	76161031	20	}
{	437	1031	132761	76161031	10311032	20	}
{	438	1032	7620761	10311032	10327620	20	}
{	439	7620	7621	10327620	76207621	20	}
{	440	7621	7622	76207621	76217622	20	}
{	441	7622	7623	76217622	76227623	20	}
{	442	7623	7624	76227623	76237624	20	}
{	443	7624	7625	76237624	76247625	20	}
{	444	7625	1	76247625	76257631	20	}
{	445	7625	27626	76307625	76257624	20	}
{	446	7624	27625	76257624	76247623	20	}
{	447	7623	27624	76247623	76237622	20	}
{	448	7622	27623	76237622	76227621	20	}
{	449	7621	27622	76227621	76217620	20	}
{	450	7620	27621	76217620	76201032	20	}
{	451	1032	2131762	76201032	10321031	20	}
{	452	1031	2130762	10321031	10317616	20	}
{	453	7616	27617	10317616	76167615	20	}
{	454	7615	27616	76167615	76157614	20	}
{	455	7614	27615	76157614	76147613	20	}
{	456	7613	27614	76147613	76137612	20	}
{	457	7612	27613	76137612	76127611	20	}
{	458	7611	27612	76127611	76117610	20	}
{	459	7610	27611	76117610	76102011	20	}
{	461	2011	212762  76102011	20112012	20	}	
{	462	3005	2306762	30063005	30057600	20	}
{	463	7600	1	30057600	76007629	20	}
{	464	3600	1	36263600	36003601	20	}
{	465	3601	1	36003601	36013602	20	}
{	466	3602	1	36013602	36023603	20	}
{	467	3603	1	36023603	36033604	20	}
{	468	3604	1	36033604	36043605	20	}
{	469	3605	1	36043605	36053606	20	}
{	470	3606	1	36053606	36063607	20	}
{	471	3607	1	36063607	36073608	20	}
{	472	3608	1	36073608	36083609	20	}
{	473	3609	1	36083609	36093610	20	}
{	474	3610	1	36093610	36103611	20	}
{	475	3611	1	36103611	36113612	20	}
{	476	3612	1	36113612	36123613	20	}
{	477	3613	1	36123613	36133614	20	}
{	478	3614	1	36133614	36143615	20	}
{	479	3615	1	36143615	36153616	20	}
{	480	3616	1	36153616	36163617	20	}
{	481	3617	1	36163617	36173618	20	}
{	482	3618	1	36173618	36183619	20	}
{	483	3619	1	36183619	36193620	20	}
{	484	3620	1	36193620	36203621	20	}
{	485	3621	1	36203621	36213622	20	}
{	486	3622	1	36213622	36223623	20	}
{	487	3623	1	36223623	36233625	20	}
{	488	3623	1	36273623	36233622	20	}
{	489	3622	1	36233622	36223621	20	}
{	490	3621	1	36223621	36213620	20	}
{	491	3620	1	36213620	36203619	20	}
{	492	3619	1	36203619	36193618	20	}
{	493	3618	1	36193618	36183617	20	}
{	494	3617	1	36183617	36173616	20	}
{	495	3616	1	36173616	36163615	20	}
{	496	3615	1	36163615	36153614	20	}
{	497	3614	1	36153614	36143613	20	}
{	498	3613	1	36143613	36133612	20	}
{	499	3612	1	36133612	36123611	20	}
{	500	3611	1	36123611	36113610	20	}
{	501	3610	1	36113610	36103609	20	}
{	502	3609	1	36103609	36093608	20	}
{	503	3608	1	36093608	36083607	20	}
{	504	3607	1	36083607	36073606	20	}
{	505	3606	1	36073606	36063605	20	}
{	506	3605	1	36063605	36053604	20	}
{	507	3604	1	36053604	36043603	20	}
{	508	3603	1	36043603	36033602	20	}
{	509	3602	1	36033602	36023601	20	}
{	510	3601	1	36023601	36013600	20	}
{	511	3600	1	36013600	36003628	20	}
{	512	3500	1	35293500	35003501	20	}
{	513	3501	1	35003501	35013502	20	}
{	514	3502	1	35013502	35023503	20	}
{	515	3503	1	35023503	35033504	20	}
{	516	3504	1	35033504	35043505	20	}
{	517	3505	1	35043505	35053506	20	}
{	518	3506	1	35053506	35063507	20	}
{	519	3507	1	35063507	35073508	20	}
{	520	3508	1	35073508	35083509	20	}
{	521	3509	1	35083509	35093510	20	}
{	522	3510	1	35093510	35103511	20	}
{	523	3511	1	35103511	35113512	20	}
{	524	3512	1	35113512	35123513	20	}
{	525	3513	1	35123513	35133609	20	}
{	526	3609	1	35133609	36093610	20	}
{	527	3610	1	36093610	36103611	20	}
{	528	3611	1	36103611	36113612	20	}
{	529	3612	1	36113612	36123613	20	}
{	530	3613	1	36123613	36133519	20	}
{	531	3519	1	36133519	35193520	20	}
{	532	3520	1	35193520	35203521	20	}
{	533	3521	1	35203521	35213522	20	}
{	534	3522	1	35213522	35223523	20	}
{	535	3523	1	35223523	35233524	20	}
{	536	3524	1	35233524	35243525	20	}
{	537	3525	1	35243525	35253526	20	}
{	538	3526	1	35253526	35263530	20	}
{	539	3526	1	35313526	35263525	20	}
{	540	3525	1	35263525	35253524	20	}
{	541	3524	1	35253524	35243523	20	}
{	542	3523	1	35243523	35233522	20	}
{	543	3522	1	35233522	35223521	20	}
{	544	3521	1	35223521	35213520	20	}
{	545	3520	1	35213520	35203519	20	}
{	546	3519	1	35203519	35193613	20	}
{	547	3613	1	35193613	36133612	20	}
{	548	3612	1	36133612	36123611	20	}
{	549	3611	1	36123611	36113610	20	}
{	550	3610	1	36113610	36103609	20	}
{	551	3609	1	36103609	36093513	20	}
{	552	3513	1	36093513	35133512	20	}
{	553	3512	1	35133512	35123511	20	}
{	554	3511	1	35123511	35113510	20	}
{	555	3510	1	35113510	35103509	20	}
{	556	3509	1	35103509	35093508	20	}
{	557	3508	1	35093508	35083507	20	}
{	558	3507	1	35083507	35073506	20	}
{	559	3506	1	35073506	35063505	20	}
{	560	3505	1	35063505	35053504	20	}
{	561	3504	1	35053504	35043503	20	}
{	562	3503	1	35043503	35033502	20	}
{	563	3502	1	35033502	35023501	20	}
{	564	3501	1	35023501	35013500	20	}
{	565	3500	1	35013500	35003532	20	}
{	566	7200	1	72347200	72007201	20	}
{	567	7201	1	72007201	72017202	20	}
{	568	7202	1	72017202	72027203	20	}
{	569	7203	1	72027203	72037204	20	}
{	570	7204	1	72037204	72047205	20	}
{	571	7205	1	72047205	72057206	20	}
{	572	7206	1	72057206	72067207	20	}
{	573	7207	1	72067207	72077208	20	}
{	574	7208	1	72077208	72087209	20	}
{	575	7209	1	72087209	72097210	20	}
{	576	7210	1	72097210	72107211	20	}
{	577	7211	1	72107211	72117212	20	}
{	578	7212	1	72117212	72127213	20	}
{	579	7213	1	72127213	72137214	20	}
{	580	7214	1	72137214	72147215	20	}
{	581	7215	1	72147215	72157216	20	}
{	582	7216	1	72157216	72167217	20	}
{	583	7217	1	72167217	72177218	20	}
{	584	7218	1	72177218	72187219	20	}
{	585	7219	1	72187219	72197220	20	}
{	586	7220	1	72197220	72207221	20	}
{	587	7221	1	72207221	72217222	20	}
{	588	7222	1	72217222	72227223	20	}
{	589	7223	1	72227223	72237224	20	}
{	590	7224	1	72237224	72247225	20	}
{	591	7225	1	72247225	72257226	20	}
{	592	7226	1	72257226	72267227	20	}
{	593	7227	1	72267227	72277228	20	}
{	594	7228	1	72277228	72287229	20	}
{	595	7229	1	72287229	72297230	20	}
{	596	7230	1	72297230	72307231	20	}
{	597	7231	1	72307231	72317233	20	}
{	598	7231	1	72357231	72317230	20	}
{	599	7230	1	72317230	72307228	20	}
{	600	7228	1	72307228	72287227	20	}
{	601	7227	1	72287227	72277226	20	}
{	602	7226	1	72277226	72267225	20	}
{	603	7225	1	72267225	72257224	20	}
{	604	7224	1	72257224	72247223	20	}
{	605	7223	1	72247223	72237222	20	}
{	606	7222	1	72237222	72227221	20	}
{	607	7221	1	72227221	72217220	20	}
{	608	7220	1	72217220	72207219	20	}
{	609	7219	1	72207219	72197218	20	}
{	610	7218	1	72197218	72187217	20	}
{	611	7217	1	72187217	72177216	20	}
{	612	7216	1	72177216	72167215	20	}
{	613	7215	1	72167215	72157214	20	}
{	614	7214	1	72157214	72147213	20	}
{	615	7213	1	72147213	72137212	20	}
{	616	7212	1	72137212	72127211	20	}
{	617	7211	1	72127211	72117210	20	}
{	618	7210	1	72117210	72107209	20	}
{	619	7209	1	72107209	72097208	20	}
{	620	7208	1	72097208	72087207	20	}
{	621	7207	1	72087207	72077206	20	}
{	622	7206	1	72077206	72067205	20	}
{	623	7205	1	72067205	72057204	20	}
{	624	7204	1	72057204	72047203	20	}
{	625	7203	1	72047203	72037202	20	}
{	626	7202	1	72037202	72027201	20	}
{	627	7201	1	72027201	72017200	20	}
{	628	7200	1	72017200	72007236	20	}
{	629	7300	1	73327300	73007301	20	}
{	630	7301	1	73007301	73017302	20	}
{	631	7302	1	73017302	73027303	20	}
{	632	7303	1	73027303	73037304	20	}
{	633	7304	1	73037304	73047305	20	}
{	634	7305	1	73047305	73057306	20	}
{	635	7306	1	73057306	73067307	20	}
{	636	7307	1	73067307	73077308	20	}
{	637	7308	1	73077308	73087309	20	}
{	638	7309	1	73087309	73097310	20	}
{	639	7310	1	73097310	73107311	20	}
{	640	7311	1	73107311	73117312	20	}
{	641	7312	1	73117312	73127313	20	}
{	642	7313	1	73127313	73137314	20	}
{	643	7314	1	73137314	73147315	20	}
{	644	7315	1	73147315	73157316	20	}
{	645	7316	1	73157316	73167317	20	}
{	646	7317	1	73167317	73177318	20	}
{	647	7318	1	73177318	73187319	20	}
{	648	7319	1	73187319	73197320	20	}
{	649	7320	1	73197320	73207321	20	}
{	650	7321	1	73207321	73217322	20	}
{	651	7322	1	73217322	73227323	20	}
{	652	7323	1	73227323	73237324	20	}
{	653	7324	1	73237324	73247227	20	}
{	654	7227	1	73247227	72277228	20	}
{	655	7231	1	72307231	72317331	20	}
{	656	7231	1	73337231	72317230	20	}
{	657	7227	1	72287227	72277324	20	}
{	658	7324	1	72277324	73247323	20	}
{	659	7323	1	73247323	73237322	20	}
{	660	7322	1	73237322	73227321	20	}
{	661	7321	1	73227321	73217320	20	}
{	662	7320	1	73217320	73207319	20	}
{	663	7319	1	73207319	73197318	20	}
{	664	7318	1	73197318	73187317	20	}
{	665	7317	1	73187317	73177316	20	}
{	666	7316	1	73177316	73167315	20	}
{	667	7315	1	73167315	73157314	20	}
{	668	7314	1	73157314	73147313	20	}
{	669	7313	1	73147313	73137312	20	}
{	670	7312	1	73137312	73127311	20	}
{	671	7311	1	73127311	73117310	20	}
{	672	7310	1	73117310	73107309	20	}
{	673	7309	1	73107309	73097308	20	}
{	674	7308	1	73097308	73087307	20	}
{	675	7307	1	73087307	73077306	20	}
{	676	7306	1	73077306	73067305	20	}
{	677	7305	1	73067305	73057304	20	}
{	678	7304	1	73057304	73047303	20	}
{	679	7303	1	73047303	73037302	20	}
{	680	7302	1	73037302	73027301	20	}
{	681	7301	1	73027301	73017300	20	}
{	682	7300	1	73017300	73007334	20	}
{	683	7700	1	77387700	77007701	20	}
{	684	7701	7701	77007701	77017702	20	}
{	685	7702	7702	77017702	77027703	20	}
{	686	7703	7703	77027703	77037704	20	}
{	687	7704	7704	77037704	77047705	20	}
{	688	7705	7705	77047705	77057706	20	}
{	689	7706	7706	77057706	77067707	20	}
{	690	7707	7707	77067707	77077708	20	}
{	691	7708	7708	77077708	77087709	20	}
{	692	7709	7709	77087709	77097710	20	}
{	693	7710	7710	77097710	77107711	20	}
{	694	7711	7711	77107711	77117712	20	}
{	695	7712	7712	77117712	77127713	20	}
{	696	7713	7713	77127713	77137714	20	}
{	697	7714	7714	77137714	77147715	20	}
{	698	7715	7715	77147715	77157716	20	}
{	699	7716	7716	77157716	77167717	20	}
{	700	7717	7717	77167717	77177718	20	}
{	701	7718	7718	77177718	77187719	20	}
{	702	7719	7719	77187719	77197720	20	}
{	703	7720	7720	77197720	77207721	20	}
{	704	7721	7721	77207721	77217722	20	}
{	705	7722	7722	77217722	77227723	20	}
{	706	7723	7723	77227723	77237724	20	}
{	707	7724	7724	77237724	77247725	20	}
{	708	7725	7725	77247725	77257726	20	}
{	709	7726	7726	77257726	77267727	20	}
{	710	7727	7727	77267727	77277728	20	}
{	711	7728	7728	77277728	77287729	20	}
{	712	7729	7729	77287729	77297730	20	}
{	713	7730	7730	77297730	77307731	20	}
{	714	7731	7731	77307731	77317732	20	}
{	715	7732	7732	77317732	77327733	20	}
{	716	7733	7733	77327733	77337734	20	}
{	717	7734	7734	77337734	77347735	20	}
{	718	7735	7735	77347735	77357737	20	}
{	719	7735	1	77397735	77357734	20	}
{	720	7734	7734	77357734	77347733	20	}
{	721	7733	7733	77347733	77337732	20	}
{	722	7732	7732	77337732	77327731	20	}
{	723	7731	7731	77327731	77317730	20	}
{	724	7730	7730	77317730	77307729	20	}
{	725	7729	7729	77307729	77297728	20	}
{	726	7728	7728	77297728	77287727	20	}
{	727	7727	7727	77287727	77277726	20	}
{	728	7726	7726	77277726	77267725	20	}
{	729	7725	7725	77267725	77257724	20	}
{	730	7724	7724	77257724	77247723	20	}
{	731	7723	7723	77247723	77237722	20	}
{	732	7722	7722	77237722	77227721	20	}
{	733	7721	7721	77227721	77217720	20	}
{	734	7720	7720	77217720	77207719	20	}
{	735	7719	7719	77207719	77197718	20	}
{	736	7718	7718	77197718	77187717	20	}
{	737	7717	7717	77187717	77177716	20	}
{	738	7716	7716	77177716	77167715	20	}
{	739	7715	7715	77167715	77157714	20	}
{	740	7714	7714	77157714	77147713	20	}
{	741	7713	7713	77147713	77137712	20	}
{	742	7712	7712	77137712	77127711	20	}
{	743	7711	7711	77127711	77117710	20	}
{	744	7710	7710	77117710	77107709	20	}
{	745	7709	7709	77107709	77097708	20	}
{	746	7708	7708	77097708	77087707	20	}
{	747	7707	7707	77087707	77077706	20	}
{	748	7706	7706	77077706	77067705	20	}
{	749	7705	7705	77067705	77057704	20	}
{	750	7704	7704	77057704	77047703	20	}
{	751	7703	7703	77047703	77037702	20	}
{	752	7702	7702	77037702	77027701	20	}
{	753	7701	7701	77027701	77017700	20	}
{	754	7700	1	77017700	77007740	20	}
{	755	7700	1	78227700	77007701	20	}
{	756	7702	1	77017702	77027803	20	}
{	757	7803	1	77027803	78037804	20	}
{	758	7804	1	78037804	78047805	20	}
{	759	7805	1	78047805	78057806	20	}
{	760	7806	1	78057806	78067807	20	}
{	761	7807	1	78067807	78077808	20	}
{	762	7808	1	78077808	78087809	20	}
{	763	7809	1	78087809	78097810	20	}
{	764	7810	1	78097810	78107811	20	}
{	765	7811	1	78107811	78117812	20	}
{	766	7812	1	78117812	78127813	20	}
{	767	7813	1	78127813	78137814	20	}
{	768	7814	1	78137814	78147815	20	}
{	769	7815	1	78147815	78157816	20	}
{	770	7816	1	78157816	78167817	20	}
{	771	7817	1	78167817	78177818	20	}
{	772	7818	1	78177818	78187819	20	}
{	773	7819	1	78187819	78197821	20	}
{	774	7819	1	78237819	78197818	20	}
{	775	7818	1	78197818	78187817	20	}
{	776	7817	1	78187817	78177816	20	}
{	777	7816	1	78177816	78167815	20	}
{	778	7815	1	78167815	78157814	20	}
{	779	7814	1	78157814	78147813	20	}
{	780	7813	1	78147813	78137812	20	}
{	781	7812	1	78137812	78127811	20	}
{	782	7811	1	78127811	78117810	20	}
{	783	7810	1	78117810	78107809	20	}
{	784	7809	1	78107809	78097808	20	}
{	785	7808	1	78097808	78087807	20	}
{	786	7807	1	78087807	78077806	20	}
{	787	7806	1	78077806	78067805	20	}
{	788	7805	1	78067805	78057804	20	}
{	789	7804	1	78057804	78047803	20	}
{	790	7803	1	78047803	78037702	20	}
{	791	7702	1	78037702	77027701	20	}
{	792	7700	1	77017700	77007824	20	}
{	793	7700	1	17817700	77007701	20	}
{	794	7724	1	77237724	77241760	20	}
{	795	1760	1	77241760	17601761	20	}
{	796	1761	1	17601761	17611763	20	}
{	797	1763	1	17611763	17631764	20	}
{	798	1764	1	17631764	17641765	20	}
{	799	1765	1	17641765	17651766	20	}
{	800	1766	1	17651766	17661767	20	}
{	801	1767	1	17661767	17671768	20	}
{	802	1768	1	17671768	17681769	20	}
{	803	1769	1	17681769	17691770	20	}
{	804	1770	1	17691770	17701771	20	}
{	805	1771	1	17701771	17711772	20	}
{	806	1772	1	17711772	17721773	20	}
{	807	1773	1	17721773	17731774	20	}
{	808	1774	1	17731774	17741775	20	}
{	809	1775	1	17741775	17751776	20	}
{	810	1776	1	17751776	17761777	20	}
{	811	1777	1	17761777	17771778	20	}
{	812	1778	1	17771778	17781780	20	}
{	813	1778	1	17821778	17781777	20	}
{	814	1777	1776	17781777	17771776	20	}
{	815	1776	1775	17771776	17761775	20	}
{	816	1775	1774	17761775	17751774	20	}
{	817	1774	1773	17751774	17741773	20	}
{	818	1773	1772	17741773	17731772	20	}
{	819	1772	1771	17731772	17721771	20	}
{	820	1771	1770	17721771	17711770	20	}
{	821	1770	1769	17711770	17701769	20	}
{	822	1769	1768	17701769	17691768	20	}
{	823	1768	1767	17691768	17681767	20	}
{	824	1767	1766	17681767	17671766	20	}
{	825	1766	1765	17671766	17661765	20	}
{	826	1765	1764	17661765	17651764	20	}
{	827	1764	1763	17651764	17641762	20	}
{	828	1762	1762	17641762	17621761	20	}
{	829	1761	1761	17621761	17611762	20	}
{	830	1762	1760	17611762	17627724	20	}
{	831	7724	7724	17627724	77247723	20	}
{	832	7700	1	77017700	77001783	20	}
{	833	7900	1	79207900	79007901	20	}
{	834	7901	1	79007901	79017902	20	}
{	835	7902	1	79017902	79027903	20	}
{	836	7903	1	79027903	79037904	20	}
{	837	7904	1	79037904	79047905	20	}
{	838	7905	1	79047905	79057906	20	}
{	839	7906	1	79057906	79067907	20	}
{	840	7907	1	79067907	79077908	20	}
{	841	7908	1	79077908	79087909	20	}
{	842	7909	1	79087909	79097910	20	}
{	843	7910	1	79097910	79107911	20	}
{	844	7911	1	79107911	79117912	20	}
{	845	7912	1	79117912	79127913	20	}
{	846	7913	1	79127913	79137914	20	}
{	847	7914	1	79137914	79147915	20	}
{	848	7915	1	79147915	79157916	20	}
{	849	7916	1	79157916	79167917	20	}
{	850	7917	1	79167917	79177919	20	}
{	851	7917	1	79217917	79177916	20	}
{	852	7916	1	79177916	79167915	20	}
{	853	7915	1	79167915	79157914	20	}
{	854	7914	1	79157914	79147913	20	}
{	855	7913	1	79147913	79137912	20	}
{	856	7912	1	79137912	79127911	20	}
{	857	7911	1	79127911	79117910	20	}
{	858	7910	1	79117910	79107909	20	}
{	859	7909	1	79107909	79097908	20	}
{	860	7908	1	79097908	79087907	20	}
{	861	7907	1	79087907	79077906	20	}
{	862	7906	1	79077906	79067905	20	}
{	863	7905	1	79067905	79057904	20	}
{	864	7904	1	79057904	79047903	20	}
{	865	7903	1	79047903	79037902	20	}
{	866	7902	1	79037902	79027901	20	}
{	867	7901	1	79027901	79017900	20	}
{	868	7900	1	79017900	79007922	20	}
{	869	3604	1	36053604	36043605	20	}
{	870	3621	1	36203621	36213800	20	}
{	871	3800	1	36213800	38003801	20	}
{	872	3801	1	38003801	38013802	20	}
{	873	3802	1	38013802	38023804	20	}
{	874	3802	1	38063802	38023801	20	}
{	875	3801	1	38023801	38013800	20	}
{	876	3800	1	38013800	38003621	20	}
{	877	3621	1	38003621	36213620	20	}
{	878	3604	1	36053604	36043603	20	}
{	879	7206	1	71007206	72067207	20	}
{	880	7218	1	72177218	72187101	20	}
{	881	7218	1	71027218	72187217	20	}
{	882	7206	1	72077206	72067103	20	}
{	883	3604	1	36293604	36043605	20	}
{	884	3613	1	36123613	36133630	20	}
{	885	3613	1	36313613	36133612	20	}
{	886	3604	1	36053604	36043632	20	}
{	887	3600	1	36333600	36003601	20	}
{	888	3621	1	36203621	36213634	20	}
{	889	3621	1	36353621	36213620	20	}
{	890	3600	1	36013600	36003636	20	}
{	891	3508	1	35333508	35083509	20	}
{	892	3524	1	35233524	35243534	20	}
{	893	3524	1	35353524	35243523	20	}
{	894	3508	1	35093508	35083536	20	}
{	895	3609	1	35373609	36093610	20	}
{	896	3522	1	35213522	35223538	20	}
{	897	3522	1	35393522	35223521	20	}
{	898	3609	1	36103609	36093540	20	}
{	899	2230	1	22182230	22302231	20	}
{	900	2231	1	22302231	22312232	20	}
{	901	2232	1	22312232	22322233	20	}
{	902	2233	1	22322233	22332234	20	}
{	903	2234	1	22332234	22342235	20	}
{	904	2235	1	22342235	22352236	20	}
{	905	2236	1	22352236	22362237	20	}
{	906	2237	1	22362237	22372238	20	}
{	907	2200	1	22382200	22002201	20	}
{	908	2201	1	22002201	22012202	20	}
{	909	2202	1	22012202	22022203	20	}
{	910	2203	1	22022203	22032204	20	}
{	911	2204	1	22032204	22042205	20	}
{	912	2205	1	22042205	22052206	20	}
{	913	2206	1	22052206	22062207	20	}
{	914	2207	1	22062207	22072208	20	}
{	915	2208	1	22072208	22082209	20	}
{	916	2209	1	22082209	22092210	20	}
{	917	2210	1	22092210	22102211	20	}
{	918	2211	1	22102211	22112212	20	}
{	919	2212	1	22112212	22122213	20	}
{	920	2213	1	22122213	22132214	20	}
{	921	2214	1	22132214	22142215	20	}
{	922	2215	1	22142215	22152216	20	}
{	923	2216	1	22152216	22162217	20	}
{	924	2216	1	22172216	22162215	20	}
{	925	2215	1	22162215	22152214	20	}
{	926	2214	1	22152214	22142213	20	}
{	927	2213	1	22142213	22132212	20	}
{	928	2212	1	22132212	22122211	20	}
{	929	2211	1	22122211	22112210	20	}
{	930	2210	1	22112210	22102209	20	}
{	931	2209	1	22102209	22092208	20	}
{	932	2208	1	22092208	22082207	20	}
{	933	2207	1	22082207	22072206	20	}
{	934	2206	1	22072206	22062205	20	}
{	935	2205	1	22062205	22052204	20	}
{	936	2204	1	22052204	22042203	20	}
{	937	2203	1	22042203	22032202	20	}
{	938	2202	1	22032202	22022201	20	}
{	939	2200	1	22012200	22002238	20	}
{	940	2237	1	22382237	22372236	20	}
{	941	2236	1	22372236	22362235	20	}
{	942	2235	1	22362235	22352234	20	}
{	943	2234	1	22352234	22342233	20	}
{	944	2233	1	22342233	22332232	20	}
{	945	2232	1	22332232	22322231	20	}
{	946	2231	1	22322231	22312230	20	}
{	947	2230	1	22312230	22302219	20	}
{	948	5100	1	51235100	51005101	20	}
{	949	5101	1	51005101	51015102	20	}
{	950	5102	1	51015102	51025103	20	}
{	951	5103	1	51025103	51035104	20	}
{	952	5104	1	51035104	51045105	20	}
{	953	5105	1	51045105	51055106	20	}
{	954	5106	1	51055106	51065107	20	}
{	955	5107	1	51065107	51077705	20	}
{	956	7705	1	51077705	77057706	20	}
{	957	7706	1	77057706	77065110	20	}
{	958	5110	1	77065110	51105111	20	}
{	959	5111	1	51105111	51117707	20	}
{	960	7707	1	51117707	77075113	20	}
{	961	5113	1	77075113	51137708	20	}
{	962	7708	1	51137708	77085115	20	}
{	963	5115	1	77085115	51155116	20	}
{	964	5116	1	51155116	51165117	20	}
{	965	5117	1	51165117	51175118	20	}
{	966	5118	1	51175118	51185119	20	}
{	967	5119	1	51185119	51195120	20	}
{	968	5120	1	51195120	51205122	20	}
{	969	5120	1	51245120	51205121	20	}
{	970	5121	1	51205121	51215118	20	}
{	971	5118	1	51215118	51185117	20	}
{	972	5117	1	51185117	51175116	20	}
{	973	5116	1	51175116	51165115	20	}
{	974	5115	1	51165115	51157708	20	}
{	975	7708	1	51157708	77085113	20	}
{	976	5113	1	77085113	51137707	20	}
{	977	7707	1	51137707	77075111	20	}
{	978	5111	1	77075111	51115110	20	}
{	979	5110	1	51115110	51107706	20	}
{	980	7706	1	51107706	77067705	20	}
{	981	7705	1	77067705	77055107	20	}
{	982	5107	1	77055107	51075106	20	}
{	983	5106	1	51075106	51065105	20	}
{	984	5105	1	51065105	51055104	20	}
{	985	5104	1	51055104	51045103	20	}
{	986	5103	1	51045103	51035102	20	}
{	987	5102	1	51035102	51025101	20	}
{	988	5101	1	51025101	51015100	20	}
{	989	5100	1	51015100	51005125	20	}
{	990	3604	1	38053604	36043605	20	}
{	991	3604	1	36053604	36043807	20	}
{	992	2217	1	22162217	22172221	20	}
{	993	2217	1	22202217	22172216	20	}
{	994	40024	1	47414024	40244023	20	}
{	995	40023	1	40244023	40234022	20	}
{	996	40022	40224019	40234022	40224019	20	}
{	997	40019	40194018	40224019	40194018	20	}
{	998	40018	40184016	40194018	40184016	20	}
{	999	40016	40164015	40184016	40164015	20	}
{	1000	40015	40154014	40164015	40154014	20	}
{	1001	40014	40144013	40154014	40144013	20	}
{	1002	40013	40134012	40144013	40134012	20	}
{	1003	40012	40124011	40134012	40124011	20	}
{	1004	40011	40114010	40124011	40114010	20	}
{	1005	40010	40104009	40114010	40104009	20	}
{	1006	40009	40094008	40104009	40094008	20	}
{	1007	40008	40084007	40094008	40084007	20	}
{	1008	40007	40074006	40084007	40074006	20	}
{	1009	40006	40064005	40074006	40064005	20	}
{	1010	40005	40054003	40064005	40054003	20	}
{	1011	40003	40034002	40054003	40034002	20	}
{	1012	40002	40024001	40034002	40024001	20	}
{	1013	40001	1	40024001	40014050	20	}
{	1014	40023	1	42214023	40234022	20	}
{	1015	40022	40224020	40234022	40224020	20	}
{	1016	40020	40204019	40224020	40204019	20	}
{	1017	40011	40114004	40124011	40114004	20	}
{	1018	40021	40214020	47114021	40214020	20	}
{	1019	40020	40204019	40214020	40204019	20	}
{	1020	40018	40184004	40194018	40184004	20	}
{	1021	40004	40044003	40184004	40044003	20	}
{	1022	40003	40034002	40044003	40034002	20	}
{	1023	40019	40194018	40204019	40194018	20	}
{	1024	40004	40044003	40114004	40044003	20	}
{	1025	2501	1	25002501	25012502	20	}
{	1026	2502	1	25012502	25022503	20	}
{	1027	2503	1	25022503	25032504	20	}
{	1028	2504	1	25032504	25042505	20	}
{	1029	2505	1	25042505	25052506	20	}
{	1030	2506	1	25052506	25062507	20	}
{	1031	2507	1	25062507	25072508	20	}
{	1032	2508	1	25072508	25082509	20	}
{	1033	2509	1	25082509	25092510	20	}
{	1034	2510	1	25092510	25102511	20	}
{	1035	2511	1	25102511	25112512	20	}
{	1036	2512	1	25112512	25122513	20	}
{	1037	2513	1	25122513	25132514	20	}
{	1038	2514	1	25132514	25142515	20	}
{	1039	2501	1	25022501	25012517	20	}
{	1040	2502	1	25032502	25022501	20	}
{	1041	2503	1	25042503	25032502	20	}
{	1042	2504	1	25052504	25042503	20	}
{	1043	2505	1	25062505	25052504	20	}
{	1044	2506	1	25072506	25062505	20	}
{	1045	2507	1	25082507	25072506	20	}
{	1046	2508	1	25092508	25082507	20	}
{	1047	2509	1	25102509	25092508	20	}
{	1048	2510	1	25112510	25102509	20	}
{	1049	2511	1	25122511	25112510	20	}
{	1050	2512	1	25132512	25122511	20	}
{	1051	2513	1	25142513	25132512	20	}
{	1052	2514	1	25162514	25142513	20	}
{	1053	40024	1	40234024	40244742	20	}
{	1054	40023	40234024	40224023	40234024	20	}
{	1055	40022	1	40194022	40224023	20	}
{	1056	40019	1	40184019	40194022	20	}
{	1057	40018	40184019	40164018	40184019	20	}
{	1058	40016	40164018	40154016	40164018	20	}
{	1059	40015	40154016	40144015	40154016	20	}
{	1060	40014	40144015	40134014	40144015	20	}
{	1061	40013	40134014	40124013	40134014	20	}
{	1062	40012	40124013	40114012	40124013	20	}
{	1063	40011	40114012	40104011	40114012	20	}
{	1064	40010	40104011	40094010	40104011	20	}
{	1065	40009	40094010	40084009	40094010	20	}
{	1066	40008	40084009	40074008	40084009	20	}
{	1067	40007	40074008	40064007	40074008	20	}
{	1068	40006	40064007	40054006	40064007	20	}
{	1069	40005	40054006	40034005	40054006	20	}
{	1070	40003	40034005	40024003	40034005	20	}
{	1071	40002	40024003	40014002	40024003	20	}
{	1072	40001	40014002	40004001	40014002	20	}
{	1073	40023	1	40224023	40234222	20	}
{	1074	40022	1	40204022	40224023	20	}
{	1075	40020	40204022	40194020	40204022	20	}
{	1076	40011	40114012	40044011	40114012	20	}
{	1077	40021	1	40204021	40214712	20	}
{	1078	40020	40204021	40194020	40204021	20	}
{	1079	40018	40184019	40044018	40184019	20	}
{	1080	40004	40044018	40034004	40044018	20	}
{	1081	40003	40034004	40024003	40034004	20	}
{	1082	40019	1	40184019	40194020	20	}
{	1083	40004	40044011	40034004	40044011	20	}
{	1084	2201	1	22022201	22012200	20	}
{	1085	2238	1	22372238	22382200	20	}
{	1086	2238	1	22002238	22382237	20	}
{	1087	2241	1	22402241	22412242	20	}
{	1088	2242	1	22412242	22422243	20	}
{	1089	2243	1	22422243	22432244	20	}
{	1090	2244	1	22432244	22442245	20	}
{	1091	2245	1	22442245	22452246	20	}
{	1092	2246	1	22452246	22462247	20	}
{	1093	2247	1	22462247	22472248	20	}
{	1094	2248	1	22472248	22482249	20	}
{	1095	2249	1	22482249	22492236	20	}
{	1096	2236	1	22492236	22362237	20	}
{	1097	2200	1	22382200	22002251	20	}
{	1098	2200	1	22522200	22002238	20	}
{	1099	2236	1	22372236	22362249	20	}
{	1100	2249	1	22362249	22492248	20	}
{	1101	2248	1	22492248	22482247	20	}
{	1102	2247	1	22482247	22472246	20	}
{	1103	2246	1	22472246	22462245	20	}
{	1104	2245	1	22462245	22452244	20	}
{	1105	2244	1	22452244	22442243	20	}
{	1106	2243	1	22442243	22432242	20	}
{	1107	2242	1	22432242	22422241	20	}
{	1108	2241	1	22422241	22412250	20	}
{	1109	7000	1	70207000	70007001	20	}
{	1110	7001	1	70007001	70017002	20	}
{	1111	7002	1	70017002	70027610	20	}
{	1112	7610	1	70027610	76107611	20	}
{	1113	7612	1	76117612	76127007	20	}
{	1114	7007	1	76127007	70077008	20	}
{	1115	7008	1	70077008	70087009	20	}
{	1116	7009	1	70087009	70097010	20	}
{	1117	7010	1	70097010	70107011	20	}
{	1118	7011	1	70107011	70117021	20	}
{	1119	7011	1	70227011	70117010	20	}
{	1120	7010	1	70117010	70107009	20	}
{	1121	7009	1	70107009	70097008	20	}
{	1122	7008	1	70097008	70087007	20	}
{	1123	7007	1	70087007	70077612	20	}
{	1124	7612	1	70077612	76127611	20	}
{	1125	7610	1	76117610	76107002	20	}
{	1126	7002	1	76107002	70027001	20	}
{	1127	7001	1	70027001	70017000	20	}
{	1128	7000	1	70017000	70007023	20	}
{	1129	7625	1	76247625	76257024	20	}
{	1130	7625	1	70257625	76257624	20	}


giveways: 0
