1	merkazit_krayot	1	-1.#IND	1.#INF	1.00006	0	0.0166667	-1.#IND	-1.#IND	1	0	0	0	-1.#IND	89.9983	-1.#IND	0	
1	merkazit_krayot	3	-0	-1.#IND	-1.#IND	-1.#IND	-1.#IND	-0	-0	-1.#IND	-1.#IND	-1.#IND	0	0	0	0	-1.#IND	
3	tzur_shalom	1	180.04	5.25842	59.7004	0	0	0.829764	0.295224	0.885714	0.114286	0	0	0	0	0	0	
4	ein_afek	1	180.107	5.25842	198.665	0	0	2.6693	0.295224	0	1	0	0	0	0	0	0	
5	zvulon	1	179.865	5.25842	417.642	0	0	9.12642	0.295224	0	1	0	0	0	0	0	0	
6	kiryon	1	179.873	5.25842	732.922	0	0	8.66575	0.295224	0	1	0	0	0	0	0	0	
7	haasor	1	179.833	5.25842	1112.92	0	0	9.50634	0.295224	0	1	0	0	0	0	0	0	
8	efraim	1	179.858	5.25842	1584.6	0	0	9.52257	0.295224	0	1	0	0	0	0	0	0	
9	goshen	1	180.006	5.25842	2135.56	0	0	16.0213	0.295224	0	1	0	0	0	0	0	0	
10	kiryat_haim	1	179.828	5.21267	2764.8	0	0	17.5571	0.351285	0	1	0	0	0	0	0	0	
10	kiryat_haim	2	299.423	5.24101	3184.99	0	0	34.0016	0.380292	0	1	0	0	0	0	0	0	
11	ben_zvi	1	179.81	5.21267	3503.23	0	0	17.4554	0.351285	0	1	0	0	0	0	0	0	
11	ben_zvi	2	299.418	5.24101	4031.39	0	0	34.0731	0.380292	0	1	0	0	0	0	0	0	
12	mote_gur	1	179.991	5.21267	4308.1	0	0	18.9255	0.351285	0	1	0	0	0	0	0	0	
12	mote_gur	2	299.499	5.24101	4957.5	0	0	34.2177	0.380292	0	1	0	0	0	0	0	0	
13	shenkar	1	180.214	5.36992	5188.65	0	0	23.7692	0.491001	0	1	0	0	0	0	0	0	
13	shenkar	2	299.596	5.24101	5970.93	0	0	35.5684	0.380292	0	1	0	0	0	0	0	0	
13	shenkar	3	-0	-1.#IND	-1.#IND	-1.#IND	-1.#IND	-0	-0	-1.#IND	-1.#IND	-1.#IND	0	0	0	0	-1.#IND	
14	hutzot_hamifratz	1	180.291	5.36992	6158.85	0	0	25.7327	0.491001	0	1	0	0	0	0	0	0	
14	hutzot_hamifratz	2	299.447	5.26826	7084.61	0	0	37.7729	0.396548	0	1	0	0	0	0	0	0	
14	hutzot_hamifratz	3	-0	-1.#IND	-1.#IND	-1.#IND	-1.#IND	-0	-0	-1.#IND	-1.#IND	-1.#IND	0	0	0	0	-1.#IND	
15	batei_zikuk	1	180.392	5.33093	7206.55	0	0	26.3709	0.466856	0	1	0	0	0	0	0	0	
15	batei_zikuk	2	299.524	5.26574	8290	0	0	42.9291	0.392217	0	1	0	0	0	0	0	0	
15	batei_zikuk	3	-0	-1.#IND	-1.#IND	-1.#IND	-1.#IND	-0	-0	-1.#IND	-1.#IND	-1.#IND	0	0	0	0	-1.#IND	
16	lev_hamifratz	1	180.103	5.33093	8321.15	0	0	22.1317	0.466856	0	1	0	0	0	0	0	0	
16	lev_hamifratz	2	299.57	5.26826	9572.92	0	0	43.0778	0.396548	0	1	0	0	0	0	0	0	
16	lev_hamifratz	3	-0	-1.#IND	-1.#IND	-1.#IND	-1.#IND	-0	-0	-1.#IND	-1.#IND	-1.#IND	0	0	0	0	-1.#IND	
17	merkazit_hamifratz	1	180.593	5.33093	9542.8	0	0	30.9081	0.466856	0	1	0	0	0	0	0	0	
17	merkazit_hamifratz	2	299.408	5.34964	10983.1	0	0	47.2	0.501207	0	1	0	0	0	0	0	0	
17	merkazit_hamifratz	3	-0	-1.#IND	-1.#IND	-1.#IND	-1.#IND	-0	-0	-1.#IND	-1.#IND	-1.#IND	0	0	0	0	-1.#IND	
18	gesher_paz	1	180.608	5.29347	10821	0	0	30.4432	0.421129	0	1	0	0	0	0	0	0	
18	gesher_paz	2	299.326	5.26826	12451.8	0	0	47.0782	0.396548	0	1	0	0	0	0	0	0	
18	gesher_paz	3	-0	-1.#IND	-1.#IND	-1.#IND	-1.#IND	-0	-0	-1.#IND	-1.#IND	-1.#IND	0	0	0	0	-1.#IND	
19	tzaizel	1	180.612	5.28896	12226.3	0	0	29.9594	0.418363	0	1	0	0	0	0	0	0	
19	tzaizel	2	299.22	5.26826	14060.9	0	0	47.4752	0.396548	0	1	0	0	0	0	0	0	
20	mate_hamishtara	1	180.452	5.28966	13715.9	0	0	29.4839	0.41602	0	1	0	0	0	0	0	0	
20	mate_hamishtara	2	299.301	5.34964	15766.3	0	0	47.1482	0.501207	0	1	0	0	0	0	0	0	
21	hatahanot_hagdolot	1	180.522	5.25098	15280.7	0	0	29.5611	0.416869	0	1	0	0	0	0	0	0	
21	hatahanot_hagdolot	2	299.34	5.34964	17559.7	0	0	46.9966	0.501207	0	1	0	0	0	0	0	0	
22	palyam	1	180.309	5.28675	16908.4	0	0	29.9425	0.417624	0	1	0	0	0	0	0	0	
22	palyam	2	299.227	5.34964	19426.8	0	0	46.1957	0.501207	0	1	0	0	0	0	0	0	
23	carmelit_eliyahu	1	179.785	5.28675	18649	0	0	33.8994	0.417624	0	1	0	0	0	0	0	0	
23	carmelit_eliyahu	2	299.363	5.34964	21422.1	0	0	47.1637	0.501207	0	1	0	0	0	0	0	0	
24	rakevet_merkaz	1	179.821	5.24894	20470.7	0	0	33.7466	0.410497	0	1	0	0	0	0	0	0	
24	rakevet_merkaz	2	299.285	5.34964	23507.8	0	0	47.8652	0.501207	0	1	0	0	0	0	0	0	
25	ben_gurion	1	179.771	5.24844	22379.6	0	0	33.0692	0.356164	0	1	0	0	0	0	0	0	
25	ben_gurion	2	299.438	5.34964	25692.8	0	0	47.8226	0.501207	0	1	0	0	0	0	0	0	
26	moshava_germanit	1	179.752	5.24579	24378.2	0	0	33.2358	0.351473	0	1	0	0	0	0	0	0	
26	moshava_germanit	2	299.395	5.34146	27979.4	0	0	47.9863	0.493123	0	1	0	0	0	0	0	0	
27	hameginim	1	179.786	5.21267	26461.8	0	0	33.0556	0.351285	0	1	0	0	0	0	0	0	
27	hameginim	2	299.463	5.34964	30363.2	0	0	48.0894	0.501207	0	1	0	0	0	0	0	0	
28	lin	1	179.967	5.21267	28624.8	0	0	33.021	0.351285	0	1	0	0	0	0	0	0	
28	lin	2	299.371	5.32239	32838.2	0	0	46.8495	0.493095	0	1	0	0	0	0	0	0	
29	dolfin	1	179.755	5.24844	30868	0	0	30.7784	0.356164	0	1	0	0	0	0	0	0	
29	dolfin	2	299.197	5.31754	35405.4	0	0	45.2172	0.482062	0	1	0	0	0	0	0	0	
30	kiryat_eliezer	1	179.7	5.25842	33192.3	0	0	29.9012	0.295224	0	1	0	0	0	0	0	0	
31	alenbi	1	179.442	5.25842	38080.1	0	0	28.3806	0.295224	0	1	0	0	0	0	0	0	
33	ein_hayam	1	179.245	5.25842	40623.5	0	0	27.5249	0.295224	0	1	0	0	0	0	0	0	
35	haetzel	1	178.967	5.25842	43254.8	0	0	29.5532	0.295224	0	1	0	0	0	0	0	0	
36	neve_david	1	178.673	5.25842	45963.1	0	0	31.0681	0.295224	0	1	0	0	0	0	0	0	
37	kfar_samir	1	179.304	5.25842	48751.2	0	0	31.8535	0.295224	0	1	0	0	0	0	0	0	
38	matam	1	180.219	5.25842	51643.7	0	0	35.5888	0.295224	0	1	0	0	0	0	0	0	
39	merkazit_hakarmel	1	180.316	5.25842	57754.1	0	0	37.1821	0.295224	0	1	0	0	0	0	0	0	
40	rafael	3	-0	-1.#IND	-1.#IND	-1.#IND	-1.#IND	-0	-0	-1.#IND	-1.#IND	-1.#IND	0	0	0	0	-1.#IND	
41	ilanot	3	-0	-1.#IND	-1.#IND	-1.#IND	-1.#IND	-0	-0	-1.#IND	-1.#IND	-1.#IND	0	0	0	0	-1.#IND	
42	savionei_yam	3	-0	-1.#IND	-1.#IND	-1.#IND	-1.#IND	-0	-0	-1.#IND	-1.#IND	-1.#IND	0	0	0	0	-1.#IND	
43	golda_meir	3	-0	-1.#IND	-1.#IND	-1.#IND	-1.#IND	-0	-0	-1.#IND	-1.#IND	-1.#IND	0	0	0	0	-1.#IND	
44	hapalmah	3	-0	-1.#IND	-1.#IND	-1.#IND	-1.#IND	-0	-0	-1.#IND	-1.#IND	-1.#IND	0	0	0	0	-1.#IND	
45	abir_yaakov	3	-0	-1.#IND	-1.#IND	-1.#IND	-1.#IND	-0	-0	-1.#IND	-1.#IND	-1.#IND	0	0	0	0	-1.#IND	
46	tzahal	3	-0	-1.#IND	-1.#IND	-1.#IND	-1.#IND	-0	-0	-1.#IND	-1.#IND	-1.#IND	0	0	0	0	-1.#IND	
47	kiryat_shmuel	3	-0	-1.#IND	-1.#IND	-1.#IND	-1.#IND	-0	-0	-1.#IND	-1.#IND	-1.#IND	0	0	0	0	-1.#IND	
48	zabutinski	3	-0	-1.#IND	-1.#IND	-1.#IND	-1.#IND	-0	-0	-1.#IND	-1.#IND	-1.#IND	0	0	0	0	-1.#IND	
49	mahal_sold	3	-0	-1.#IND	-1.#IND	-1.#IND	-1.#IND	-0	-0	-1.#IND	-1.#IND	-1.#IND	0	0	0	0	-1.#IND	
50	yehiam	3	-0	-1.#IND	-1.#IND	-1.#IND	-1.#IND	-0	-0	-1.#IND	-1.#IND	-1.#IND	0	0	0	0	-1.#IND	
51	dgania	3	-0	-1.#IND	-1.#IND	-1.#IND	-1.#IND	-0	-0	-1.#IND	-1.#IND	-1.#IND	0	0	0	0	-1.#IND	
52	haitztadyon	3	-0	-1.#IND	-1.#IND	-1.#IND	-1.#IND	-0	-0	-1.#IND	-1.#IND	-1.#IND	0	0	0	0	-1.#IND	
53	alexander_zaid	3	-0	-1.#IND	-1.#IND	-1.#IND	-1.#IND	-0	-0	-1.#IND	-1.#IND	-1.#IND	0	0	0	0	-1.#IND	
54	halutzei_hatasia	3	-0	-1.#IND	-1.#IND	-1.#IND	-1.#IND	-0	-0	-1.#IND	-1.#IND	-1.#IND	0	0	0	0	-1.#IND	
55	hagiborim	3	-0	-1.#IND	-1.#IND	-1.#IND	-1.#IND	-0	-0	-1.#IND	-1.#IND	-1.#IND	0	0	0	0	-1.#IND	
56	halisa	3	-0	-1.#IND	-1.#IND	-1.#IND	-1.#IND	-0	-0	-1.#IND	-1.#IND	-1.#IND	0	0	0	0	-1.#IND	
57	beit_hatasiya	3	-0	-1.#IND	-1.#IND	-1.#IND	-1.#IND	-0	-0	-1.#IND	-1.#IND	-1.#IND	0	0	0	0	-1.#IND	
58	shuk_talpiot_S	3	-0	-1.#IND	-1.#IND	-1.#IND	-1.#IND	-0	-0	-1.#IND	-1.#IND	-1.#IND	0	0	0	0	-1.#IND	
59	lev_hadar_S	3	-0	-1.#IND	-1.#IND	-1.#IND	-1.#IND	-0	-0	-1.#IND	-1.#IND	-1.#IND	0	0	0	0	-1.#IND	
60	beit_hakranot	3	-0	-1.#IND	-1.#IND	-1.#IND	-1.#IND	-0	-0	-1.#IND	-1.#IND	-1.#IND	0	0	0	0	-1.#IND	
62	hanevim	3	-0	-1.#IND	-1.#IND	-1.#IND	-1.#IND	-0	-0	-1.#IND	-1.#IND	-1.#IND	0	0	0	0	-1.#IND	
63	kiryat_ata	2	300	5.24574	0.664452	0	0	0.425313	0.300765	1	0	0	0	0	0	0	0	
64	moshe_hes	2	299.996	5.24574	77.396	0	0	0.81478	0.300765	0	1	0	0	0	0	0	0	
65	ainshtein	2	300.102	5.24574	245.726	0	0	3.67899	0.300765	0	1	0	0	0	0	0	0	
66	yoseftal	2	300.033	5.24574	510.552	0	0	4.53734	0.300765	0	1	0	0	0	0	0	0	
67	rabin	2	300.029	5.24574	869.646	0	0	5.61605	0.300765	0	1	0	0	0	0	0	0	
69	haatzmaut	2	299.9	5.24574	1315.27	0	0	8.06499	0.300765	0	1	0	0	0	0	0	0	
70	biyalik	2	300.074	5.24574	1805.8	0	0	13.8592	0.300765	0	1	0	0	0	0	0	0	
74	haamakim	2	299.443	5.24574	2429.22	0	0	34.1741	0.300765	0	1	0	0	0	0	0	0	
78	merkazit_hakarmel	11	180.012	5.21123	0.996678	0	0	0.483819	0.341289	1	0	0	0	0	0	0	0	
79	matam	11	180.042	5.21123	219.722	0	0	1.64716	0.341289	0	1	0	0	0	0	0	0	
80	kfar_samir	11	180.161	5.21123	411.132	0	0	9.7787	0.341289	0	1	0	0	0	0	0	0	
81	neve_david	11	180.214	5.21123	675.911	0	0	34.8888	0.341289	0	1	0	0	0	0	0	0	
82	haetzel	11	180.226	5.21123	1090.7	0	0	34.9908	0.341289	0	1	0	0	0	0	0	0	
83	shprintzak	11	180.151	5.21123	1532.78	0	0	40.2176	0.341289	0	1	0	0	0	0	0	0	
84	ein_hayam	11	180.447	5.21123	2063.7	0	0	43.1	0.341289	0	1	0	0	0	0	0	0	
85	hatoren	11	180.459	5.21123	2730.49	0	0	43.2905	0.341289	0	1	0	0	0	0	0	0	
86	alenbi	11	180.009	5.21123	3412.41	0	0	44.4099	0.341289	0	1	0	0	0	0	0	0	
87	kiryat_eliezer	11	180.033	5.21123	5165.99	0	0	44.8436	0.341289	0	1	0	0	0	0	0	0	
88	dolfin	11	179.967	5.27297	6118.45	0	0	51.4815	0.399449	0	1	0	0	0	0	0	0	
88	dolfin	22	300.009	5.17296	6.61417	0	0	0.355311	0.287653	1	0	0	0	0	0	0	0	
89	lin	11	179.975	5.27297	7193.92	0	0	50.928	0.399449	0	1	0	0	0	0	0	0	
89	lin	22	300.003	5.17296	72.9449	0	0	2.97692	0.287653	0	1	0	0	0	0	0	0	
90	hameginim	11	180.034	5.29532	8349.75	0	0	50.9735	0.431524	0	1	0	0	0	0	0	0	
90	hameginim	22	299.959	5.17296	245.104	0	0	4.78613	0.287653	0	1	0	0	0	0	0	0	
91	moshava_germanit	11	180.021	5.29532	9586.33	0	0	50.8037	0.431524	0	1	0	0	0	0	0	0	
91	moshava_germanit	22	299.875	5.17296	510.082	0	0	6.71933	0.287653	0	1	0	0	0	0	0	0	
92	ben_gurion	11	180.003	5.29532	10913.7	0	0	50.9694	0.431524	0	1	0	0	0	0	0	0	
92	ben_gurion	22	299.961	5.17296	877.553	0	0	7.24179	0.287653	0	1	0	0	0	0	0	0	
93	rakevet_merkaz	11	180.031	5.29296	12323.6	0	0	50.8066	0.424942	0	1	0	0	0	0	0	0	
93	rakevet_merkaz	22	299.979	5.17296	1339.44	0	0	7.31858	0.287653	0	1	0	0	0	0	0	0	
94	carmelit_atzmaut	11	180.088	5.29532	13805.7	0	0	51.2781	0.431524	0	1	0	0	0	0	0	0	
94	carmelit_atzmaut	22	300.098	5.21206	1885.68	0	0	7.82627	0.387142	0	1	0	0	0	0	0	0	
95	kiryat_memshala_atzmaut	11	180.08	5.29532	15385.5	0	0	51.7678	0.431524	0	1	0	0	0	0	0	0	
95	kiryat_memshala_atzmaut	22	300.091	5.21206	2541.61	0	0	7.93582	0.387142	0	1	0	0	0	0	0	0	
96	vadi_salib	11	180.049	5.29532	17031.8	0	0	51.211	0.431524	0	1	0	0	0	0	0	0	
96	vadi_salib	22	300.186	5.21206	3275.97	0	0	8.2047	0.387142	0	1	0	0	0	0	0	0	
97	hatahanot_hagdolot	11	-0	-1.#IND	-1.#IND	-1.#IND	-1.#IND	-0	-0	-1.#IND	-1.#IND	-1.#IND	0	0	0	0	-1.#IND	
97	hatahanot_hagdolot	22	-0	-1.#IND	-1.#IND	-1.#IND	-1.#IND	-0	-0	-1.#IND	-1.#IND	-1.#IND	0	0	0	0	-1.#IND	
98	mate_hamishtara	11	-0	-1.#IND	-1.#IND	-1.#IND	-1.#IND	-0	-0	-1.#IND	-1.#IND	-1.#IND	0	0	0	0	-1.#IND	
98	mate_hamishtara	22	-0	-1.#IND	-1.#IND	-1.#IND	-1.#IND	-0	-0	-1.#IND	-1.#IND	-1.#IND	0	0	0	0	-1.#IND	
99	bar_yehuda	11	-0	-1.#IND	-1.#IND	-1.#IND	-1.#IND	-0	-0	-1.#IND	-1.#IND	-1.#IND	0	0	0	0	-1.#IND	
99	bar_yehuda	22	-0	-1.#IND	-1.#IND	-1.#IND	-1.#IND	-0	-0	-1.#IND	-1.#IND	-1.#IND	0	0	0	0	-1.#IND	
100	gesher_paz	11	-0	-1.#IND	-1.#IND	-1.#IND	-1.#IND	-0	-0	-1.#IND	-1.#IND	-1.#IND	0	0	0	0	-1.#IND	
100	gesher_paz	22	-0	-1.#IND	-1.#IND	-1.#IND	-1.#IND	-0	-0	-1.#IND	-1.#IND	-1.#IND	0	0	0	0	-1.#IND	
100	gesher_paz	33	359.361	5.24943	1865.53	0	0	11.2851	0.292351	0	1	0	0	0	0	0	0	
101	merkazit_hamifratz	11	-0	-1.#IND	-1.#IND	-1.#IND	-1.#IND	-0	-0	-1.#IND	-1.#IND	-1.#IND	0	0	0	0	-1.#IND	
101	merkazit_hamifratz	22	-0	-1.#IND	-1.#IND	-1.#IND	-1.#IND	-0	-0	-1.#IND	-1.#IND	-1.#IND	0	0	0	0	-1.#IND	
101	merkazit_hamifratz	33	359.367	5.24943	2470.58	0	0	11.8035	0.292351	0	1	0	0	0	0	0	0	
102	lev_hamifratz	11	-0	-1.#IND	-1.#IND	-1.#IND	-1.#IND	-0	-0	-1.#IND	-1.#IND	-1.#IND	0	0	0	0	-1.#IND	
102	lev_hamifratz	22	-0	-1.#IND	-1.#IND	-1.#IND	-1.#IND	-0	-0	-1.#IND	-1.#IND	-1.#IND	0	0	0	0	-1.#IND	
102	lev_hamifratz	33	359.372	5.24943	3233.33	0	0	11.9402	0.292351	0	1	0	0	0	0	0	0	
103	batei_zikuk	11	-0	-1.#IND	-1.#IND	-1.#IND	-1.#IND	-0	-0	-1.#IND	-1.#IND	-1.#IND	0	0	0	0	-1.#IND	
103	batei_zikuk	22	-0	-1.#IND	-1.#IND	-1.#IND	-1.#IND	-0	-0	-1.#IND	-1.#IND	-1.#IND	0	0	0	0	-1.#IND	
103	batei_zikuk	33	359.329	5.24943	4039.39	0	0	12.2694	0.292351	0	1	0	0	0	0	0	0	
104	hutzot_hamifratz	11	-0	-1.#IND	-1.#IND	-1.#IND	-1.#IND	-0	-0	-1.#IND	-1.#IND	-1.#IND	0	0	0	0	-1.#IND	
104	hutzot_hamifratz	22	-0	-1.#IND	-1.#IND	-1.#IND	-1.#IND	-0	-0	-1.#IND	-1.#IND	-1.#IND	0	0	0	0	-1.#IND	
104	hutzot_hamifratz	33	360.553	5.24943	4940.92	0	0	24.3913	0.292351	0	1	0	0	0	0	0	0	
105	shenkar	11	-0	-1.#IND	-1.#IND	-1.#IND	-1.#IND	-0	-0	-1.#IND	-1.#IND	-1.#IND	0	0	0	0	-1.#IND	
105	shenkar	22	-0	-1.#IND	-1.#IND	-1.#IND	-1.#IND	-0	-0	-1.#IND	-1.#IND	-1.#IND	0	0	0	0	-1.#IND	
105	shenkar	33	360.61	5.24943	5969.53	0	0	25.2426	0.292351	0	1	0	0	0	0	0	0	
106	mote_gur	11	-0	-1.#IND	-1.#IND	-1.#IND	-1.#IND	-0	-0	-1.#IND	-1.#IND	-1.#IND	0	0	0	0	-1.#IND	
106	mote_gur	22	-0	-1.#IND	-1.#IND	-1.#IND	-1.#IND	-0	-0	-1.#IND	-1.#IND	-1.#IND	0	0	0	0	-1.#IND	
107	ben_zvi	11	-0	-1.#IND	-1.#IND	-1.#IND	-1.#IND	-0	-0	-1.#IND	-1.#IND	-1.#IND	0	0	0	0	-1.#IND	
107	ben_zvi	22	-0	-1.#IND	-1.#IND	-1.#IND	-1.#IND	-0	-0	-1.#IND	-1.#IND	-1.#IND	0	0	0	0	-1.#IND	
108	kiryat_haim	11	-0	-1.#IND	-1.#IND	-1.#IND	-1.#IND	-0	-0	-1.#IND	-1.#IND	-1.#IND	0	0	0	0	-1.#IND	
108	kiryat_haim	22	-0	-1.#IND	-1.#IND	-1.#IND	-1.#IND	-0	-0	-1.#IND	-1.#IND	-1.#IND	0	0	0	0	-1.#IND	
109	goshen	11	-0	-1.#IND	-1.#IND	-1.#IND	-1.#IND	-0	-0	-1.#IND	-1.#IND	-1.#IND	0	0	0	0	-1.#IND	
110	efraim	11	-0	-1.#IND	-1.#IND	-1.#IND	-1.#IND	-0	-0	-1.#IND	-1.#IND	-1.#IND	0	0	0	0	-1.#IND	
111	haasor	11	-0	-1.#IND	-1.#IND	-1.#IND	-1.#IND	-0	-0	-1.#IND	-1.#IND	-1.#IND	0	0	0	0	-1.#IND	
112	kiryon	11	-0	-1.#IND	-1.#IND	-1.#IND	-1.#IND	-0	-0	-1.#IND	-1.#IND	-1.#IND	0	0	0	0	-1.#IND	
113	zvulon	11	-0	-1.#IND	-1.#IND	-1.#IND	-1.#IND	-0	-0	-1.#IND	-1.#IND	-1.#IND	0	0	0	0	-1.#IND	
114	ein_afek	11	-0	-1.#IND	-1.#IND	-1.#IND	-1.#IND	-0	-0	-1.#IND	-1.#IND	-1.#IND	0	0	0	0	-1.#IND	
115	tzur_shalom	11	-0	-1.#IND	-1.#IND	-1.#IND	-1.#IND	-0	-0	-1.#IND	-1.#IND	-1.#IND	0	0	0	0	-1.#IND	
116	neve_ganim	11	-0	-1.#IND	-1.#IND	-1.#IND	-1.#IND	-0	-0	-1.#IND	-1.#IND	-1.#IND	0	0	0	0	-1.#IND	
117	hairiya	33	360.005	5.24943	10.1031	0	0	0.400223	0.292351	1	0	0	0	0	0	0	0	
118	lev_hadar_N	33	360.102	5.24943	72.6764	0	0	2.1168	0.292351	0	1	0	0	0	0	0	0	
119	shuk_talpiot_N	33	360.055	5.24943	221.852	0	0	2.48527	0.292351	0	1	0	0	0	0	0	0	
120	yalag	33	360.061	5.24943	504.603	0	0	2.54383	0.292351	0	1	0	0	0	0	0	0	
121	halisa	33	359.835	5.24943	863.891	0	0	9.97905	0.292351	0	1	0	0	0	0	0	0	
122	hagiborim	33	359.571	5.24943	1314.71	0	0	10.2936	0.292351	0	1	0	0	0	0	0	0	
123	hashaish	33	-0	-1.#IND	-1.#IND	-1.#IND	-1.#IND	-0	-0	-1.#IND	-1.#IND	-1.#IND	0	0	0	0	-1.#IND	
124	halutzei_hatasia	33	-0	-1.#IND	-1.#IND	-1.#IND	-1.#IND	-0	-0	-1.#IND	-1.#IND	-1.#IND	0	0	0	0	-1.#IND	
125	alexander_zaid	33	-0	-1.#IND	-1.#IND	-1.#IND	-1.#IND	-0	-0	-1.#IND	-1.#IND	-1.#IND	0	0	0	0	-1.#IND	
126	haitztadyon	33	-0	-1.#IND	-1.#IND	-1.#IND	-1.#IND	-0	-0	-1.#IND	-1.#IND	-1.#IND	0	0	0	0	-1.#IND	
127	dgania	33	-0	-1.#IND	-1.#IND	-1.#IND	-1.#IND	-0	-0	-1.#IND	-1.#IND	-1.#IND	0	0	0	0	-1.#IND	
128	yehiam	33	-0	-1.#IND	-1.#IND	-1.#IND	-1.#IND	-0	-0	-1.#IND	-1.#IND	-1.#IND	0	0	0	0	-1.#IND	
129	mahal_sold	33	-0	-1.#IND	-1.#IND	-1.#IND	-1.#IND	-0	-0	-1.#IND	-1.#IND	-1.#IND	0	0	0	0	-1.#IND	
130	zabutinski	33	-0	-1.#IND	-1.#IND	-1.#IND	-1.#IND	-0	-0	-1.#IND	-1.#IND	-1.#IND	0	0	0	0	-1.#IND	
131	kiryat_shmuel	33	-0	-1.#IND	-1.#IND	-1.#IND	-1.#IND	-0	-0	-1.#IND	-1.#IND	-1.#IND	0	0	0	0	-1.#IND	
132	tzahal	33	-0	-1.#IND	-1.#IND	-1.#IND	-1.#IND	-0	-0	-1.#IND	-1.#IND	-1.#IND	0	0	0	0	-1.#IND	
133	abir_yaakov	33	-0	-1.#IND	-1.#IND	-1.#IND	-1.#IND	-0	-0	-1.#IND	-1.#IND	-1.#IND	0	0	0	0	-1.#IND	
134	hapalmah	33	-0	-1.#IND	-1.#IND	-1.#IND	-1.#IND	-0	-0	-1.#IND	-1.#IND	-1.#IND	0	0	0	0	-1.#IND	
135	golda_meir	33	-0	-1.#IND	-1.#IND	-1.#IND	-1.#IND	-0	-0	-1.#IND	-1.#IND	-1.#IND	0	0	0	0	-1.#IND	
136	savionei_yam	33	-0	-1.#IND	-1.#IND	-1.#IND	-1.#IND	-0	-0	-1.#IND	-1.#IND	-1.#IND	0	0	0	0	-1.#IND	
137	ilanot	33	-0	-1.#IND	-1.#IND	-1.#IND	-1.#IND	-0	-0	-1.#IND	-1.#IND	-1.#IND	0	0	0	0	-1.#IND	
138	rafael	33	-0	-1.#IND	-1.#IND	-1.#IND	-1.#IND	-0	-0	-1.#IND	-1.#IND	-1.#IND	0	0	0	0	-1.#IND	
139	merkazit_krayot	11	-0	-1.#IND	-1.#IND	-1.#IND	-1.#IND	-0	-0	-1.#IND	-1.#IND	-1.#IND	0	0	0	0	-1.#IND	
139	merkazit_krayot	33	-0	-1.#IND	-1.#IND	-1.#IND	-1.#IND	-0	-0	-1.#IND	-1.#IND	-1.#IND	0	0	0	0	-1.#IND	
140	haamakim	22	-0	-1.#IND	-1.#IND	-1.#IND	-1.#IND	-0	-0	-1.#IND	-1.#IND	-1.#IND	0	0	0	0	-1.#IND	
144	biyalik	22	-0	-1.#IND	-1.#IND	-1.#IND	-1.#IND	-0	-0	-1.#IND	-1.#IND	-1.#IND	0	0	0	0	-1.#IND	
145	haatzmaut	22	-0	-1.#IND	-1.#IND	-1.#IND	-1.#IND	-0	-0	-1.#IND	-1.#IND	-1.#IND	0	0	0	0	-1.#IND	
147	rabin	22	-0	-1.#IND	-1.#IND	-1.#IND	-1.#IND	-0	-0	-1.#IND	-1.#IND	-1.#IND	0	0	0	0	-1.#IND	
148	yoseftal	22	-0	-1.#IND	-1.#IND	-1.#IND	-1.#IND	-0	-0	-1.#IND	-1.#IND	-1.#IND	0	0	0	0	-1.#IND	
149	ainshtein	22	-0	-1.#IND	-1.#IND	-1.#IND	-1.#IND	-0	-0	-1.#IND	-1.#IND	-1.#IND	0	0	0	0	-1.#IND	
150	moshe_hes	22	-0	-1.#IND	-1.#IND	-1.#IND	-1.#IND	-0	-0	-1.#IND	-1.#IND	-1.#IND	0	0	0	0	-1.#IND	
151	kiryat_ata	22	-0	-1.#IND	-1.#IND	-1.#IND	-1.#IND	-0	-0	-1.#IND	-1.#IND	-1.#IND	0	0	0	0	-1.#IND	
152	hahagana_yoav	1	179.422	5.25842	35565.3	0	0	28.4357	0.295224	0	1	0	0	0	0	0	0	
154	saharof	1	180.239	5.25842	54662.5	0	0	35.5674	0.295224	0	1	0	0	0	0	0	0	
155	saharof	11	180.029	5.21123	56.9328	0	0	1.19556	0.341289	1	0	0	0	0	0	0	0	
157	hahagana_yoav	11	180.021	5.21123	4247.2	0	0	44.6246	0.341289	0	1	0	0	0	0	0	0	
158	hashaish	3	-0	-1.#IND	-1.#IND	-1.#IND	-1.#IND	-0	-0	-1.#IND	-1.#IND	-1.#IND	0	0	0	0	-1.#IND	
