1	101	-1	1	3	0	
1	101	-1	3	4	0	
1	101	-1	4	5	0	
1	101	-1	5	6	0	
1	101	-1	6	7	0	
1	101	-1	7	8	0	
1	101	-1	8	9	0	
1	101	-1	9	10	0	
1	101	-1	10	11	0	
1	101	-1	11	12	0	
1	101	-1	12	13	0	
1	101	-1	13	14	0	
1	101	-1	14	15	0	
1	101	-1	15	16	0	
1	101	-1	16	17	0	
1	101	-1	17	18	0	
1	101	-1	18	19	0	
1	101	-1	19	20	0	
1	101	-1	20	21	0	
1	101	-1	21	22	0	
1	101	-1	22	23	0	
1	101	-1	23	24	0	
1	101	-1	24	25	0	
1	101	-1	25	26	0	
1	101	-1	26	27	0	
1	101	-1	27	28	0	
1	101	-1	28	29	0	
1	101	-1	29	30	0	
1	101	-1	30	152	0	
1	101	-1	152	31	0	
1	101	-1	31	33	0	
1	101	-1	33	35	0	
1	101	-1	35	36	0	
1	101	-1	36	37	0	
1	101	-1	37	38	0	
1	101	-1	38	154	0	
1	101	-1	154	39	0	
1	102	-1	1	3	0	
1	102	-1	3	4	0	
1	102	-1	4	5	0	
1	102	-1	5	6	0	
1	102	-1	6	7	0	
1	102	-1	7	8	0	
1	102	-1	8	9	0	
1	102	-1	9	10	0	
1	102	-1	10	11	0	
1	102	-1	11	12	0	
1	102	-1	12	13	0	
1	102	-1	13	14	0	
1	102	-1	14	15	0	
1	102	-1	15	16	0	
1	102	-1	16	17	0	
1	102	-1	17	18	0	
1	102	-1	18	19	0	
1	102	-1	19	20	0	
1	102	-1	20	21	0	
1	102	-1	21	22	0	
1	102	-1	22	23	0	
1	102	-1	23	24	0	
1	102	-1	24	25	0	
1	102	-1	25	26	0	
1	102	-1	26	27	0	
1	102	-1	27	28	0	
1	102	-1	28	29	0	
1	102	-1	29	30	0	
1	102	-1	30	152	0	
1	102	-1	152	31	0	
1	102	-1	31	33	0	
1	102	-1	33	35	0	
1	102	-1	35	36	0	
1	102	-1	36	37	0	
1	102	-1	37	38	0	
1	102	-1	38	154	0	
1	102	-1	154	39	0	
1	103	-1	1	3	0	
1	103	-1	3	4	0	
1	103	-1	4	5	0	
1	103	-1	5	6	0	
1	103	-1	6	7	0	
1	103	-1	7	8	0	
1	103	-1	8	9	0	
1	103	-1	9	10	0	
1	103	-1	10	11	0	
1	103	-1	11	12	0	
1	103	-1	12	13	0	
1	103	-1	13	14	0	
1	103	-1	14	15	0	
1	103	-1	15	16	0	
1	103	-1	16	17	0	
1	103	-1	17	18	0	
1	103	-1	18	19	0	
1	103	-1	19	20	0	
1	103	-1	20	21	0	
1	103	-1	21	22	0	
1	103	-1	22	23	0	
1	103	-1	23	24	0	
1	103	-1	24	25	0	
1	103	-1	25	26	0	
1	103	-1	26	27	0	
1	103	-1	27	28	0	
1	103	-1	28	29	0	
1	103	-1	29	30	0	
1	103	-1	30	152	0	
1	103	-1	152	31	0	
1	103	-1	31	33	0	
1	103	-1	33	35	0	
1	103	-1	35	36	0	
1	103	-1	36	37	0	
1	103	-1	37	38	0	
1	103	-1	38	154	0	
1	103	-1	154	39	0	
1	104	-1	1	3	0	
1	104	-1	3	4	0	
1	104	-1	4	5	0	
1	104	-1	5	6	0	
1	104	-1	6	7	0	
1	104	-1	7	8	0	
1	104	-1	8	9	0	
1	104	-1	9	10	0	
1	104	-1	10	11	0	
1	104	-1	11	12	0	
1	104	-1	12	13	0	
1	104	-1	13	14	0	
1	104	-1	14	15	0	
1	104	-1	15	16	0	
1	104	-1	16	17	0	
1	104	-1	17	18	0	
1	104	-1	18	19	0	
1	104	-1	19	20	0	
1	104	-1	20	21	0	
1	104	-1	21	22	0	
1	104	-1	22	23	0	
1	104	-1	23	24	0	
1	104	-1	24	25	0	
1	104	-1	25	26	0	
1	104	-1	26	27	0	
1	104	-1	27	28	0	
1	104	-1	28	29	0	
1	104	-1	29	30	0	
1	104	-1	30	152	0	
1	104	-1	152	31	0	
1	104	-1	31	33	0	
1	104	-1	33	35	0	
1	104	-1	35	36	0	
1	104	-1	36	37	0	
1	104	-1	37	38	0	
1	104	-1	38	154	0	
1	104	-1	154	39	0	
1	105	-1	1	3	0	
1	105	-1	3	4	0	
1	105	-1	4	5	0	
1	105	-1	5	6	0	
1	105	-1	6	7	0	
1	105	-1	7	8	0	
1	105	-1	8	9	0	
1	105	-1	9	10	0	
1	105	-1	10	11	0	
1	105	-1	11	12	0	
1	105	-1	12	13	0	
1	105	-1	13	14	0	
1	105	-1	14	15	0	
1	105	-1	15	16	0	
1	105	-1	16	17	0	
1	105	-1	17	18	0	
1	105	-1	18	19	0	
1	105	-1	19	20	0	
1	105	-1	20	21	0	
1	105	-1	21	22	0	
1	105	-1	22	23	0	
1	105	-1	23	24	0	
1	105	-1	24	25	0	
1	105	-1	25	26	0	
1	105	-1	26	27	0	
1	105	-1	27	28	0	
1	105	-1	28	29	0	
1	105	-1	29	30	0	
1	105	-1	30	152	0	
1	105	-1	152	31	0	
1	105	-1	31	33	0	
1	105	-1	33	35	0	
1	105	-1	35	36	0	
1	105	-1	36	37	0	
1	105	-1	37	38	0	
1	105	-1	38	154	0	
1	105	-1	154	39	0	
1	106	-1	1	3	0	
1	106	-1	3	4	0	
1	106	-1	4	5	0	
1	106	-1	5	6	0	
1	106	-1	6	7	0	
1	106	-1	7	8	0	
1	106	-1	8	9	0	
1	106	-1	9	10	0	
1	106	-1	10	11	0	
1	106	-1	11	12	0	
1	106	-1	12	13	0	
1	106	-1	13	14	0	
1	106	-1	14	15	0	
1	106	-1	15	16	0	
1	106	-1	16	17	0	
1	106	-1	17	18	0	
1	106	-1	18	19	0	
1	106	-1	19	20	0	
1	106	-1	20	21	0	
1	106	-1	21	22	0	
1	106	-1	22	23	0	
1	106	-1	23	24	0	
1	106	-1	24	25	0	
1	106	-1	25	26	0	
1	106	-1	26	27	0	
1	106	-1	27	28	0	
1	106	-1	28	29	0	
1	106	-1	29	30	0	
1	106	-1	30	152	0	
1	106	-1	152	31	0	
1	106	-1	31	33	0	
1	106	-1	33	35	0	
1	106	-1	35	36	0	
1	106	-1	36	37	0	
1	106	-1	37	38	0	
1	106	-1	38	154	0	
1	106	-1	154	39	0	
1	107	-1	1	3	0	
1	107	-1	3	4	0	
1	107	-1	4	5	0	
1	107	-1	5	6	0	
1	107	-1	6	7	0	
1	107	-1	7	8	0	
1	107	-1	8	9	0	
1	107	-1	9	10	0	
1	107	-1	10	11	0	
1	107	-1	11	12	0	
1	107	-1	12	13	0	
1	107	-1	13	14	0	
1	107	-1	14	15	0	
1	107	-1	15	16	0	
1	107	-1	16	17	0	
1	107	-1	17	18	0	
1	107	-1	18	19	0	
1	107	-1	19	20	0	
1	107	-1	20	21	0	
1	107	-1	21	22	0	
1	107	-1	22	23	0	
1	107	-1	23	24	0	
1	107	-1	24	25	0	
1	107	-1	25	26	0	
1	107	-1	26	27	0	
1	107	-1	27	28	0	
1	107	-1	28	29	0	
1	107	-1	29	30	0	
1	107	-1	30	152	0	
1	107	-1	152	31	0	
1	107	-1	31	33	0	
1	107	-1	33	35	0	
1	107	-1	35	36	0	
1	107	-1	36	37	0	
1	107	-1	37	38	0	
1	107	-1	38	154	0	
1	107	-1	154	39	0	
1	108	-1	1	3	0	
1	108	-1	3	4	0	
1	108	-1	4	5	0	
1	108	-1	5	6	0	
1	108	-1	6	7	0	
1	108	-1	7	8	0	
1	108	-1	8	9	0	
1	108	-1	9	10	0	
1	108	-1	10	11	0	
1	108	-1	11	12	0	
1	108	-1	12	13	0	
1	108	-1	13	14	0	
1	108	-1	14	15	0	
1	108	-1	15	16	0	
1	108	-1	16	17	0	
1	108	-1	17	18	0	
1	108	-1	18	19	0	
1	108	-1	19	20	0	
1	108	-1	20	21	0	
1	108	-1	21	22	0	
1	108	-1	22	23	0	
1	108	-1	23	24	0	
1	108	-1	24	25	0	
1	108	-1	25	26	0	
1	108	-1	26	27	0	
1	108	-1	27	28	0	
1	108	-1	28	29	0	
1	108	-1	29	30	0	
1	108	-1	30	152	0	
1	108	-1	152	31	0	
1	108	-1	31	33	0	
1	108	-1	33	35	0	
1	108	-1	35	36	0	
1	108	-1	36	37	0	
1	108	-1	37	38	0	
1	108	-1	38	154	0	
1	108	-1	154	39	0	
1	109	-1	1	3	0	
1	109	-1	3	4	0	
1	109	-1	4	5	0	
1	109	-1	5	6	0	
1	109	-1	6	7	0	
1	109	-1	7	8	0	
1	109	-1	8	9	0	
1	109	-1	9	10	0	
1	109	-1	10	11	0	
1	109	-1	11	12	0	
1	109	-1	12	13	0	
1	109	-1	13	14	0	
1	109	-1	14	15	0	
1	109	-1	15	16	0	
1	109	-1	16	17	0	
1	109	-1	17	18	0	
1	109	-1	18	19	0	
1	109	-1	19	20	0	
1	109	-1	20	21	0	
1	109	-1	21	22	0	
1	109	-1	22	23	0	
1	109	-1	23	24	0	
1	109	-1	24	25	0	
1	109	-1	25	26	0	
1	109	-1	26	27	0	
1	109	-1	27	28	0	
1	109	-1	28	29	0	
1	109	-1	29	30	0	
1	109	-1	30	152	0	
1	109	-1	152	31	0	
1	109	-1	31	33	0	
1	109	-1	33	35	0	
1	109	-1	35	36	0	
1	109	-1	36	37	0	
1	109	-1	37	38	0	
1	109	-1	38	154	0	
1	109	-1	154	39	0	
1	110	-1	1	3	0	
1	110	-1	3	4	0	
1	110	-1	4	5	0	
1	110	-1	5	6	0	
1	110	-1	6	7	0	
1	110	-1	7	8	0	
1	110	-1	8	9	0	
1	110	-1	9	10	0	
1	110	-1	10	11	0	
1	110	-1	11	12	0	
1	110	-1	12	13	0	
1	110	-1	13	14	0	
1	110	-1	14	15	0	
1	110	-1	15	16	0	
1	110	-1	16	17	0	
1	110	-1	17	18	0	
1	110	-1	18	19	0	
1	110	-1	19	20	0	
1	110	-1	20	21	0	
1	110	-1	21	22	0	
1	110	-1	22	23	0	
1	110	-1	23	24	0	
1	110	-1	24	25	0	
1	110	-1	25	26	0	
1	110	-1	26	27	0	
1	110	-1	27	28	0	
1	110	-1	28	29	0	
1	110	-1	29	30	0	
1	110	-1	30	152	0	
1	110	-1	152	31	0	
1	110	-1	31	33	0	
1	110	-1	33	35	0	
1	110	-1	35	36	0	
1	110	-1	36	37	0	
1	110	-1	37	38	0	
1	110	-1	38	154	0	
1	110	-1	154	39	0	
1	111	-1	1	3	0	
1	111	-1	3	4	0	
1	111	-1	4	5	0	
1	111	-1	5	6	0	
1	111	-1	6	7	0	
1	111	-1	7	8	0	
1	111	-1	8	9	0	
1	111	-1	9	10	0	
1	111	-1	10	11	0	
1	111	-1	11	12	0	
1	111	-1	12	13	0	
1	111	-1	13	14	0	
1	111	-1	14	15	0	
1	111	-1	15	16	0	
1	111	-1	16	17	0	
1	111	-1	17	18	0	
1	111	-1	18	19	0	
1	111	-1	19	20	0	
1	111	-1	20	21	0	
1	111	-1	21	22	0	
1	111	-1	22	23	0	
1	111	-1	23	24	0	
1	111	-1	24	25	0	
1	111	-1	25	26	0	
1	111	-1	26	27	0	
1	111	-1	27	28	0	
1	111	-1	28	29	0	
1	111	-1	29	30	0	
1	111	-1	30	152	0	
1	111	-1	152	31	0	
1	111	-1	31	33	0	
1	111	-1	33	35	0	
1	111	-1	35	36	0	
1	111	-1	36	37	0	
1	111	-1	37	38	0	
1	111	-1	38	154	0	
1	111	-1	154	39	0	
1	112	-1	1	3	0	
1	112	-1	3	4	0	
1	112	-1	4	5	0	
1	112	-1	5	6	0	
1	112	-1	6	7	0	
1	112	-1	7	8	0	
1	112	-1	8	9	0	
1	112	-1	9	10	0	
1	112	-1	10	11	0	
1	112	-1	11	12	0	
1	112	-1	12	13	0	
1	112	-1	13	14	0	
1	112	-1	14	15	0	
1	112	-1	15	16	0	
1	112	-1	16	17	0	
1	112	-1	17	18	0	
1	112	-1	18	19	0	
1	112	-1	19	20	0	
1	112	-1	20	21	0	
1	112	-1	21	22	0	
1	112	-1	22	23	0	
1	112	-1	23	24	0	
1	112	-1	24	25	0	
1	112	-1	25	26	0	
1	112	-1	26	27	0	
1	112	-1	27	28	0	
1	112	-1	28	29	0	
1	112	-1	29	30	0	
1	112	-1	30	152	0	
1	112	-1	152	31	0	
1	112	-1	31	33	0	
1	112	-1	33	35	0	
1	112	-1	35	36	0	
1	112	-1	36	37	0	
1	112	-1	37	38	0	
1	112	-1	38	154	0	
1	112	-1	154	39	0	
1	113	-1	1	3	0	
1	113	-1	3	4	0	
1	113	-1	4	5	0	
1	113	-1	5	6	0	
1	113	-1	6	7	0	
1	113	-1	7	8	0	
1	113	-1	8	9	0	
1	113	-1	9	10	0	
1	113	-1	10	11	0	
1	113	-1	11	12	0	
1	113	-1	12	13	0	
1	113	-1	13	14	0	
1	113	-1	14	15	0	
1	113	-1	15	16	0	
1	113	-1	16	17	0	
1	113	-1	17	18	0	
1	113	-1	18	19	0	
1	113	-1	19	20	0	
1	113	-1	20	21	0	
1	113	-1	21	22	0	
1	113	-1	22	23	0	
1	113	-1	23	24	0	
1	113	-1	24	25	0	
1	113	-1	25	26	0	
1	113	-1	26	27	0	
1	113	-1	27	28	0	
1	113	-1	28	29	0	
1	113	-1	29	30	0	
1	113	-1	30	152	0	
1	113	-1	152	31	0	
1	113	-1	31	33	0	
1	113	-1	33	35	0	
1	113	-1	35	36	0	
1	113	-1	36	37	0	
1	113	-1	37	38	0	
1	113	-1	38	154	0	
1	113	-1	154	39	0	
1	114	-1	1	3	0	
1	114	-1	3	4	0	
1	114	-1	4	5	0	
1	114	-1	5	6	0	
1	114	-1	6	7	0	
1	114	-1	7	8	0	
1	114	-1	8	9	0	
1	114	-1	9	10	0	
1	114	-1	10	11	0	
1	114	-1	11	12	0	
1	114	-1	12	13	0	
1	114	-1	13	14	0	
1	114	-1	14	15	0	
1	114	-1	15	16	0	
1	114	-1	16	17	0	
1	114	-1	17	18	0	
1	114	-1	18	19	0	
1	114	-1	19	20	0	
1	114	-1	20	21	0	
1	114	-1	21	22	0	
1	114	-1	22	23	0	
1	114	-1	23	24	0	
1	114	-1	24	25	0	
1	114	-1	25	26	0	
1	114	-1	26	27	0	
1	114	-1	27	28	0	
1	114	-1	28	29	0	
1	114	-1	29	30	0	
1	114	-1	30	152	0	
1	114	-1	152	31	0	
1	114	-1	31	33	0	
1	114	-1	33	35	0	
1	114	-1	35	36	0	
1	114	-1	36	37	0	
1	114	-1	37	38	0	
1	114	-1	38	154	0	
1	114	-1	154	39	0	
1	115	-1	1	3	0	
1	115	-1	3	4	0	
1	115	-1	4	5	0	
1	115	-1	5	6	0	
1	115	-1	6	7	0	
1	115	-1	7	8	0	
1	115	-1	8	9	0	
1	115	-1	9	10	0	
1	115	-1	10	11	0	
1	115	-1	11	12	0	
1	115	-1	12	13	0	
1	115	-1	13	14	0	
1	115	-1	14	15	0	
1	115	-1	15	16	0	
1	115	-1	16	17	0	
1	115	-1	17	18	0	
1	115	-1	18	19	0	
1	115	-1	19	20	0	
1	115	-1	20	21	0	
1	115	-1	21	22	0	
1	115	-1	22	23	0	
1	115	-1	23	24	0	
1	115	-1	24	25	0	
1	115	-1	25	26	0	
1	115	-1	26	27	0	
1	115	-1	27	28	0	
1	115	-1	28	29	0	
1	115	-1	29	30	0	
1	115	-1	30	152	0	
1	115	-1	152	31	0	
1	115	-1	31	33	0	
1	115	-1	33	35	0	
1	115	-1	35	36	0	
1	115	-1	36	37	0	
1	115	-1	37	38	0	
1	115	-1	38	154	0	
1	115	-1	154	39	0	
1	116	-1	1	3	0	
1	116	-1	3	4	0	
1	116	-1	4	5	0	
1	116	-1	5	6	0	
1	116	-1	6	7	0	
1	116	-1	7	8	0	
1	116	-1	8	9	0	
1	116	-1	9	10	0	
1	116	-1	10	11	0	
1	116	-1	11	12	0	
1	116	-1	12	13	0	
1	116	-1	13	14	0	
1	116	-1	14	15	0	
1	116	-1	15	16	0	
1	116	-1	16	17	0	
1	116	-1	17	18	0	
1	116	-1	18	19	0	
1	116	-1	19	20	0	
1	116	-1	20	21	0	
1	116	-1	21	22	0	
1	116	-1	22	23	0	
1	116	-1	23	24	0	
1	116	-1	24	25	0	
1	116	-1	25	26	0	
1	116	-1	26	27	0	
1	116	-1	27	28	0	
1	116	-1	28	29	0	
1	116	-1	29	30	0	
1	116	-1	30	152	0	
1	116	-1	152	31	0	
1	116	-1	31	33	0	
1	116	-1	33	35	0	
1	116	-1	35	36	0	
1	116	-1	36	37	0	
1	116	-1	37	38	0	
1	116	-1	38	154	0	
1	116	-1	154	39	0	
1	117	-1	1	3	0	
1	117	-1	3	4	0	
1	117	-1	4	5	0	
1	117	-1	5	6	0	
1	117	-1	6	7	0	
1	117	-1	7	8	0	
1	117	-1	8	9	0	
1	117	-1	9	10	0	
1	117	-1	10	11	0	
1	117	-1	11	12	0	
1	117	-1	12	13	0	
1	117	-1	13	14	0	
1	117	-1	14	15	0	
1	117	-1	15	16	0	
1	117	-1	16	17	0	
1	117	-1	17	18	0	
1	117	-1	18	19	0	
1	117	-1	19	20	0	
1	117	-1	20	21	0	
1	117	-1	21	22	0	
1	117	-1	22	23	0	
1	117	-1	23	24	0	
1	117	-1	24	25	0	
1	117	-1	25	26	0	
1	117	-1	26	27	0	
1	117	-1	27	28	0	
1	117	-1	28	29	0	
1	117	-1	29	30	0	
1	117	-1	30	152	0	
1	117	-1	152	31	0	
1	117	-1	31	33	0	
1	117	-1	33	35	0	
1	117	-1	35	36	0	
1	117	-1	36	37	0	
1	117	-1	37	38	0	
1	117	-1	38	154	0	
1	117	-1	154	39	0	
1	118	-1	1	3	0	
1	118	-1	3	4	0	
1	118	-1	4	5	0	
1	118	-1	5	6	0	
1	118	-1	6	7	0	
1	118	-1	7	8	0	
1	118	-1	8	9	0	
1	118	-1	9	10	0	
1	118	-1	10	11	0	
1	118	-1	11	12	0	
1	118	-1	12	13	0	
1	118	-1	13	14	0	
1	118	-1	14	15	0	
1	118	-1	15	16	0	
1	118	-1	16	17	0	
1	118	-1	17	18	0	
1	118	-1	18	19	0	
1	118	-1	19	20	0	
1	118	-1	20	21	0	
1	118	-1	21	22	0	
1	118	-1	22	23	0	
1	118	-1	23	24	0	
1	118	-1	24	25	0	
1	118	-1	25	26	0	
1	118	-1	26	27	0	
1	118	-1	27	28	0	
1	118	-1	28	29	0	
1	118	-1	29	30	0	
1	118	-1	30	152	0	
1	118	-1	152	31	0	
1	118	-1	31	33	0	
1	118	-1	33	35	0	
1	118	-1	35	36	0	
1	118	-1	36	37	0	
1	118	-1	37	38	0	
1	118	-1	38	154	0	
1	118	-1	154	39	0	
1	119	-1	1	3	0	
1	119	-1	3	4	0	
1	119	-1	4	5	0	
1	119	-1	5	6	0	
1	119	-1	6	7	0	
1	119	-1	7	8	0	
1	119	-1	8	9	0	
1	119	-1	9	10	0	
1	119	-1	10	11	0	
1	119	-1	11	12	0	
1	119	-1	12	13	0	
1	119	-1	13	14	0	
1	119	-1	14	15	0	
1	119	-1	15	16	0	
1	119	-1	16	17	0	
1	119	-1	17	18	0	
1	119	-1	18	19	0	
1	119	-1	19	20	0	
1	119	-1	20	21	0	
1	119	-1	21	22	0	
1	119	-1	22	23	0	
1	119	-1	23	24	0	
1	119	-1	24	25	0	
1	119	-1	25	26	0	
1	119	-1	26	27	0	
1	119	-1	27	28	0	
1	119	-1	28	29	0	
1	119	-1	29	30	0	
1	119	-1	30	152	0	
1	119	-1	152	31	0	
1	119	-1	31	33	0	
1	119	-1	33	35	0	
1	119	-1	35	36	0	
1	119	-1	36	37	0	
1	119	-1	37	38	0	
1	119	-1	38	154	0	
1	119	-1	154	39	0	
1	120	-1	1	3	0	
1	120	-1	3	4	0	
1	120	-1	4	5	0	
1	120	-1	5	6	0	
1	120	-1	6	7	0	
1	120	-1	7	8	0	
1	120	-1	8	9	0	
1	120	-1	9	10	0	
1	120	-1	10	11	0	
1	120	-1	11	12	0	
1	120	-1	12	13	0	
1	120	-1	13	14	0	
1	120	-1	14	15	0	
1	120	-1	15	16	0	
1	120	-1	16	17	0	
1	120	-1	17	18	0	
1	120	-1	18	19	0	
1	120	-1	19	20	0	
1	120	-1	20	21	0	
1	120	-1	21	22	0	
1	120	-1	22	23	0	
1	120	-1	23	24	0	
1	120	-1	24	25	0	
1	120	-1	25	26	0	
1	120	-1	26	27	0	
1	120	-1	27	28	0	
1	120	-1	28	29	0	
1	120	-1	29	30	0	
1	120	-1	30	152	0	
1	120	-1	152	31	0	
1	120	-1	31	33	0	
1	120	-1	33	35	0	
1	120	-1	35	36	0	
1	120	-1	36	37	0	
1	120	-1	37	38	0	
1	120	-1	38	154	0	
1	120	-1	154	39	0	
1	121	-1	1	3	0	
1	121	-1	3	4	0	
1	121	-1	4	5	0	
1	121	-1	5	6	0	
1	121	-1	6	7	0	
1	121	-1	7	8	0	
1	121	-1	8	9	0	
1	121	-1	9	10	0	
1	121	-1	10	11	0	
1	121	-1	11	12	0	
1	121	-1	12	13	0	
1	121	-1	13	14	0	
1	121	-1	14	15	0	
1	121	-1	15	16	0	
1	121	-1	16	17	0	
1	121	-1	17	18	0	
1	121	-1	18	19	0	
1	121	-1	19	20	0	
1	121	-1	20	21	0	
1	121	-1	21	22	0	
1	121	-1	22	23	0	
1	121	-1	23	24	0	
1	121	-1	24	25	0	
1	121	-1	25	26	0	
1	121	-1	26	27	0	
1	121	-1	27	28	0	
1	121	-1	28	29	0	
1	121	-1	29	30	0	
1	121	-1	30	152	0	
1	121	-1	152	31	0	
1	121	-1	31	33	0	
1	121	-1	33	35	0	
1	121	-1	35	36	0	
1	121	-1	36	37	0	
1	121	-1	37	38	0	
1	121	-1	38	154	0	
1	121	-1	154	39	0	
1	122	-1	1	3	0	
1	122	-1	3	4	0	
1	122	-1	4	5	0	
1	122	-1	5	6	0	
1	122	-1	6	7	0	
1	122	-1	7	8	0	
1	122	-1	8	9	0	
1	122	-1	9	10	0	
1	122	-1	10	11	0	
1	122	-1	11	12	0	
1	122	-1	12	13	0	
1	122	-1	13	14	0	
1	122	-1	14	15	0	
1	122	-1	15	16	0	
1	122	-1	16	17	0	
1	122	-1	17	18	0	
1	122	-1	18	19	0	
1	122	-1	19	20	0	
1	122	-1	20	21	0	
1	122	-1	21	22	0	
1	122	-1	22	23	0	
1	122	-1	23	24	0	
1	122	-1	24	25	0	
1	122	-1	25	26	0	
1	122	-1	26	27	0	
1	122	-1	27	28	0	
1	122	-1	28	29	0	
1	122	-1	29	30	0	
1	122	-1	30	152	0	
1	122	-1	152	31	0	
1	122	-1	31	33	0	
1	122	-1	33	35	0	
1	122	-1	35	36	0	
1	122	-1	36	37	0	
1	122	-1	37	38	0	
1	122	-1	38	154	0	
1	122	-1	154	39	0	
1	123	-1	1	3	0	
1	123	-1	3	4	0	
1	123	-1	4	5	0	
1	123	-1	5	6	0	
1	123	-1	6	7	0	
1	123	-1	7	8	0	
1	123	-1	8	9	0	
1	123	-1	9	10	0	
1	123	-1	10	11	0	
1	123	-1	11	12	0	
1	123	-1	12	13	0	
1	123	-1	13	14	0	
1	123	-1	14	15	0	
1	123	-1	15	16	0	
1	123	-1	16	17	0	
1	123	-1	17	18	0	
1	123	-1	18	19	0	
1	123	-1	19	20	0	
1	123	-1	20	21	0	
1	123	-1	21	22	0	
1	123	-1	22	23	0	
1	123	-1	23	24	0	
1	123	-1	24	25	0	
1	123	-1	25	26	0	
1	123	-1	26	27	0	
1	123	-1	27	28	0	
1	123	-1	28	29	0	
1	123	-1	29	30	0	
1	123	-1	30	152	0	
1	123	-1	152	31	0	
1	123	-1	31	33	0	
1	123	-1	33	35	0	
1	123	-1	35	36	0	
1	123	-1	36	37	0	
1	123	-1	37	38	0	
1	123	-1	38	154	0	
1	123	-1	154	39	0	
1	124	-1	1	3	0	
1	124	-1	3	4	0	
1	124	-1	4	5	0	
1	124	-1	5	6	0	
1	124	-1	6	7	0	
1	124	-1	7	8	0	
1	124	-1	8	9	0	
1	124	-1	9	10	0	
1	124	-1	10	11	0	
1	124	-1	11	12	0	
1	124	-1	12	13	0	
1	124	-1	13	14	0	
1	124	-1	14	15	0	
1	124	-1	15	16	0	
1	124	-1	16	17	0	
1	124	-1	17	18	0	
1	124	-1	18	19	0	
1	124	-1	19	20	0	
1	124	-1	20	21	0	
1	124	-1	21	22	0	
1	124	-1	22	23	0	
1	124	-1	23	24	0	
1	124	-1	24	25	0	
1	124	-1	25	26	0	
1	124	-1	26	27	0	
1	124	-1	27	28	0	
1	124	-1	28	29	0	
1	124	-1	29	30	0	
1	124	-1	30	152	0	
1	124	-1	152	31	0	
1	124	-1	31	33	0	
1	124	-1	33	35	0	
1	124	-1	35	36	0	
1	124	-1	36	37	0	
1	124	-1	37	38	0	
1	124	-1	38	154	0	
1	124	-1	154	39	0	
1	125	-1	1	3	0	
1	125	-1	3	4	0	
1	125	-1	4	5	0	
1	125	-1	5	6	0	
1	125	-1	6	7	0	
1	125	-1	7	8	0	
1	125	-1	8	9	0	
1	125	-1	9	10	0	
1	125	-1	10	11	0	
1	125	-1	11	12	0	
1	125	-1	12	13	0	
1	125	-1	13	14	0	
1	125	-1	14	15	0	
1	125	-1	15	16	0	
1	125	-1	16	17	0	
1	125	-1	17	18	0	
1	125	-1	18	19	0	
1	125	-1	19	20	0	
1	125	-1	20	21	0	
1	125	-1	21	22	0	
1	125	-1	22	23	0	
1	125	-1	23	24	0	
1	125	-1	24	25	0	
1	125	-1	25	26	0	
1	125	-1	26	27	0	
1	125	-1	27	28	0	
1	125	-1	28	29	0	
1	125	-1	29	30	0	
1	125	-1	30	152	0	
1	125	-1	152	31	0	
1	125	-1	31	33	0	
1	125	-1	33	35	0	
1	125	-1	35	36	0	
1	125	-1	36	37	0	
1	125	-1	37	38	0	
1	125	-1	38	154	0	
1	125	-1	154	39	0	
1	126	-1	1	3	0	
1	126	-1	3	4	0	
1	126	-1	4	5	0	
1	126	-1	5	6	0	
1	126	-1	6	7	0	
1	126	-1	7	8	0	
1	126	-1	8	9	0	
1	126	-1	9	10	0	
1	126	-1	10	11	0	
1	126	-1	11	12	0	
1	126	-1	12	13	0	
1	126	-1	13	14	0	
1	126	-1	14	15	0	
1	126	-1	15	16	0	
1	126	-1	16	17	0	
1	126	-1	17	18	0	
1	126	-1	18	19	0	
1	126	-1	19	20	0	
1	126	-1	20	21	0	
1	126	-1	21	22	0	
1	126	-1	22	23	0	
1	126	-1	23	24	0	
1	126	-1	24	25	0	
1	126	-1	25	26	0	
1	126	-1	26	27	0	
1	126	-1	27	28	0	
1	126	-1	28	29	0	
1	126	-1	29	30	0	
1	126	-1	30	152	0	
1	126	-1	152	31	0	
1	126	-1	31	33	0	
1	126	-1	33	35	0	
1	126	-1	35	36	0	
1	126	-1	36	37	0	
1	126	-1	37	38	0	
1	126	-1	38	154	0	
1	126	-1	154	39	0	
1	127	-1	1	3	0	
1	127	-1	3	4	0	
1	127	-1	4	5	0	
1	127	-1	5	6	0	
1	127	-1	6	7	0	
1	127	-1	7	8	0	
1	127	-1	8	9	0	
1	127	-1	9	10	0	
1	127	-1	10	11	0	
1	127	-1	11	12	0	
1	127	-1	12	13	0	
1	127	-1	13	14	0	
1	127	-1	14	15	0	
1	127	-1	15	16	0	
1	127	-1	16	17	0	
1	127	-1	17	18	0	
1	127	-1	18	19	0	
1	127	-1	19	20	0	
1	127	-1	20	21	0	
1	127	-1	21	22	0	
1	127	-1	22	23	0	
1	127	-1	23	24	0	
1	127	-1	24	25	0	
1	127	-1	25	26	0	
1	127	-1	26	27	0	
1	127	-1	27	28	0	
1	127	-1	28	29	0	
1	127	-1	29	30	0	
1	127	-1	30	152	0	
1	127	-1	152	31	0	
1	127	-1	31	33	0	
1	127	-1	33	35	0	
1	127	-1	35	36	0	
1	127	-1	36	37	0	
1	127	-1	37	38	0	
1	127	-1	38	154	0	
1	127	-1	154	39	0	
1	128	-1	1	3	0	
1	128	-1	3	4	0	
1	128	-1	4	5	0	
1	128	-1	5	6	0	
1	128	-1	6	7	0	
1	128	-1	7	8	0	
1	128	-1	8	9	0	
1	128	-1	9	10	0	
1	128	-1	10	11	0	
1	128	-1	11	12	0	
1	128	-1	12	13	0	
1	128	-1	13	14	0	
1	128	-1	14	15	0	
1	128	-1	15	16	0	
1	128	-1	16	17	0	
1	128	-1	17	18	0	
1	128	-1	18	19	0	
1	128	-1	19	20	0	
1	128	-1	20	21	0	
1	128	-1	21	22	0	
1	128	-1	22	23	0	
1	128	-1	23	24	0	
1	128	-1	24	25	0	
1	128	-1	25	26	0	
1	128	-1	26	27	0	
1	128	-1	27	28	0	
1	128	-1	28	29	0	
1	128	-1	29	30	0	
1	128	-1	30	152	0	
1	128	-1	152	31	0	
1	128	-1	31	33	0	
1	128	-1	33	35	0	
1	128	-1	35	36	0	
1	128	-1	36	37	0	
1	128	-1	37	38	0	
1	128	-1	38	154	0	
1	128	-1	154	39	0	
1	129	-1	1	3	0	
1	129	-1	3	4	0	
1	129	-1	4	5	0	
1	129	-1	5	6	0	
1	129	-1	6	7	0	
1	129	-1	7	8	0	
1	129	-1	8	9	0	
1	129	-1	9	10	0	
1	129	-1	10	11	0	
1	129	-1	11	12	0	
1	129	-1	12	13	0	
1	129	-1	13	14	0	
1	129	-1	14	15	0	
1	129	-1	15	16	0	
1	129	-1	16	17	0	
1	129	-1	17	18	0	
1	129	-1	18	19	0	
1	129	-1	19	20	0	
1	129	-1	20	21	0	
1	129	-1	21	22	0	
1	129	-1	22	23	0	
1	129	-1	23	24	0	
1	129	-1	24	25	0	
1	129	-1	25	26	0	
1	129	-1	26	27	0	
1	129	-1	27	28	0	
1	129	-1	28	29	0	
1	129	-1	29	30	0	
1	129	-1	30	152	0	
1	129	-1	152	31	0	
1	129	-1	31	33	0	
1	129	-1	33	35	0	
1	129	-1	35	36	0	
1	129	-1	36	37	0	
1	129	-1	37	38	0	
1	129	-1	38	154	0	
1	129	-1	154	39	0	
1	130	-1	1	3	0	
1	130	-1	3	4	0	
1	130	-1	4	5	0	
1	130	-1	5	6	0	
1	130	-1	6	7	0	
1	130	-1	7	8	0	
1	130	-1	8	9	0	
1	130	-1	9	10	0	
1	130	-1	10	11	0	
1	130	-1	11	12	0	
1	130	-1	12	13	0	
1	130	-1	13	14	0	
1	130	-1	14	15	0	
1	130	-1	15	16	0	
1	130	-1	16	17	0	
1	130	-1	17	18	0	
1	130	-1	18	19	0	
1	130	-1	19	20	0	
1	130	-1	20	21	0	
1	130	-1	21	22	0	
1	130	-1	22	23	0	
1	130	-1	23	24	0	
1	130	-1	24	25	0	
1	130	-1	25	26	0	
1	130	-1	26	27	0	
1	130	-1	27	28	0	
1	130	-1	28	29	0	
1	130	-1	29	30	0	
1	130	-1	30	152	0	
1	130	-1	152	31	0	
1	130	-1	31	33	0	
1	130	-1	33	35	0	
1	130	-1	35	36	0	
1	130	-1	36	37	0	
1	130	-1	37	38	0	
1	130	-1	38	154	0	
1	130	-1	154	39	0	
1	131	-1	1	3	0	
1	131	-1	3	4	0	
1	131	-1	4	5	0	
1	131	-1	5	6	0	
1	131	-1	6	7	0	
1	131	-1	7	8	0	
1	131	-1	8	9	0	
1	131	-1	9	10	0	
1	131	-1	10	11	0	
1	131	-1	11	12	0	
1	131	-1	12	13	0	
1	131	-1	13	14	0	
1	131	-1	14	15	0	
1	131	-1	15	16	0	
1	131	-1	16	17	0	
1	131	-1	17	18	0	
1	131	-1	18	19	0	
1	131	-1	19	20	0	
1	131	-1	20	21	0	
1	131	-1	21	22	0	
1	131	-1	22	23	0	
1	131	-1	23	24	0	
1	131	-1	24	25	0	
1	131	-1	25	26	0	
1	131	-1	26	27	0	
1	131	-1	27	28	0	
1	131	-1	28	29	0	
1	131	-1	29	30	0	
1	131	-1	30	152	0	
1	131	-1	152	31	0	
1	131	-1	31	33	0	
1	131	-1	33	35	0	
1	131	-1	35	36	0	
1	131	-1	36	37	0	
1	131	-1	37	38	0	
1	131	-1	38	154	0	
1	131	-1	154	39	0	
1	132	-1	1	3	0	
1	132	-1	3	4	0	
1	132	-1	4	5	0	
1	132	-1	5	6	0	
1	132	-1	6	7	0	
1	132	-1	7	8	0	
1	132	-1	8	9	0	
1	132	-1	9	10	0	
1	132	-1	10	11	0	
1	132	-1	11	12	0	
1	132	-1	12	13	0	
1	132	-1	13	14	0	
1	132	-1	14	15	0	
1	132	-1	15	16	0	
1	132	-1	16	17	0	
1	132	-1	17	18	0	
1	132	-1	18	19	0	
1	132	-1	19	20	0	
1	132	-1	20	21	0	
1	132	-1	21	22	0	
1	132	-1	22	23	0	
1	132	-1	23	24	0	
1	132	-1	24	25	0	
1	132	-1	25	26	0	
1	132	-1	26	27	0	
1	132	-1	27	28	0	
1	132	-1	28	29	0	
1	132	-1	29	30	0	
1	132	-1	30	152	0	
1	132	-1	152	31	0	
1	132	-1	31	33	0	
1	132	-1	33	35	0	
1	132	-1	35	36	0	
1	132	-1	36	37	0	
1	132	-1	37	38	0	
1	132	-1	38	154	0	
1	132	-1	154	39	0	
1	133	-1	1	3	0	
1	133	-1	3	4	0	
1	133	-1	4	5	0	
1	133	-1	5	6	0	
1	133	-1	6	7	0	
1	133	-1	7	8	0	
1	133	-1	8	9	0	
1	133	-1	9	10	0	
1	133	-1	10	11	0	
1	133	-1	11	12	0	
1	133	-1	12	13	0	
1	133	-1	13	14	0	
1	133	-1	14	15	0	
1	133	-1	15	16	0	
1	133	-1	16	17	0	
1	133	-1	17	18	0	
1	133	-1	18	19	0	
1	133	-1	19	20	0	
1	133	-1	20	21	0	
1	133	-1	21	22	0	
1	133	-1	22	23	0	
1	133	-1	23	24	0	
1	133	-1	24	25	0	
1	133	-1	25	26	0	
1	133	-1	26	27	0	
1	133	-1	27	28	0	
1	133	-1	28	29	0	
1	133	-1	29	30	0	
1	133	-1	30	152	0	
1	133	-1	152	31	0	
1	133	-1	31	33	0	
1	133	-1	33	35	0	
1	133	-1	35	36	0	
1	133	-1	36	37	0	
1	133	-1	37	38	0	
1	133	-1	38	154	0	
1	133	-1	154	39	0	
1	134	-1	1	3	0	
1	134	-1	3	4	0	
1	134	-1	4	5	0	
1	134	-1	5	6	0	
1	134	-1	6	7	0	
1	134	-1	7	8	0	
1	134	-1	8	9	0	
1	134	-1	9	10	0	
1	134	-1	10	11	0	
1	134	-1	11	12	0	
1	134	-1	12	13	0	
1	134	-1	13	14	0	
1	134	-1	14	15	0	
1	134	-1	15	16	0	
1	134	-1	16	17	0	
1	134	-1	17	18	0	
1	134	-1	18	19	0	
1	134	-1	19	20	0	
1	134	-1	20	21	0	
1	134	-1	21	22	0	
1	134	-1	22	23	0	
1	134	-1	23	24	0	
1	134	-1	24	25	0	
1	134	-1	25	26	0	
1	134	-1	26	27	0	
1	134	-1	27	28	0	
1	134	-1	28	29	0	
1	134	-1	29	30	0	
1	134	-1	30	152	0	
1	134	-1	152	31	0	
1	134	-1	31	33	0	
1	134	-1	33	35	0	
1	134	-1	35	36	0	
1	134	-1	36	37	0	
1	134	-1	37	38	0	
1	134	-1	38	154	0	
1	134	-1	154	39	0	
1	135	-1	1	3	0	
1	135	-1	3	4	0	
1	135	-1	4	5	0	
1	135	-1	5	6	0	
1	135	-1	6	7	0	
1	135	-1	7	8	0	
1	135	-1	8	9	0	
1	135	-1	9	10	0	
1	135	-1	10	11	0	
1	135	-1	11	12	0	
1	135	-1	12	13	0	
1	135	-1	13	14	0	
1	135	-1	14	15	0	
1	135	-1	15	16	0	
1	135	-1	16	17	0	
1	135	-1	17	18	0	
1	135	-1	18	19	0	
1	135	-1	19	20	0	
1	135	-1	20	21	0	
1	135	-1	21	22	0	
1	135	-1	22	23	0	
1	135	-1	23	24	0	
1	135	-1	24	25	0	
1	135	-1	25	26	0	
1	135	-1	26	27	0	
1	135	-1	27	28	0	
1	135	-1	28	29	0	
1	135	-1	29	30	0	
1	135	-1	30	152	0	
1	135	-1	152	31	0	
1	135	-1	31	33	0	
1	135	-1	33	35	0	
1	135	-1	35	36	0	
1	135	-1	36	37	0	
1	135	-1	37	38	0	
1	135	-1	38	154	0	
1	135	-1	154	39	0	
1	136	-1	1	3	1	
1	137	-1	1	3	0	
1	138	-1	1	3	0	
1	139	-1	1	3	0	
1	140	-1	1	3	0	
1	141	-1	1	3	0	
1	142	-1	1	3	0	
1	143	-1	1	3	0	
1	144	-1	1	3	0	
1	145	-1	1	3	0	
1	146	-1	1	3	0	
1	147	-1	1	3	0	
1	148	-1	1	3	0	
1	149	-1	1	3	0	
1	150	-1	1	3	0	
1	151	-1	1	3	0	
1	152	-1	1	3	0	
1	153	-1	1	3	0	
1	154	-1	1	3	0	
1	155	-1	1	3	0	
1	156	-1	1	3	0	
1	157	-1	1	3	0	
1	158	-1	1	3	0	
1	159	-1	1	3	0	
1	160	-1	1	3	0	
2	201	-1	63	64	0	
2	201	-1	64	65	0	
2	201	-1	65	66	0	
2	201	-1	66	67	0	
2	201	-1	67	69	0	
2	201	-1	69	70	0	
2	201	-1	70	74	0	
2	201	-1	74	10	0	
2	201	-1	10	11	0	
2	201	-1	11	12	0	
2	201	-1	12	13	0	
2	201	-1	13	14	0	
2	201	-1	14	15	0	
2	201	-1	15	16	0	
2	201	-1	16	17	0	
2	201	-1	17	18	0	
2	201	-1	18	19	0	
2	201	-1	19	20	0	
2	201	-1	20	21	0	
2	201	-1	21	22	0	
2	201	-1	22	23	0	
2	201	-1	23	24	0	
2	201	-1	24	25	0	
2	201	-1	25	26	0	
2	201	-1	26	27	0	
2	201	-1	27	28	0	
2	201	-1	28	29	0	
2	202	-1	63	64	0	
2	202	-1	64	65	0	
2	202	-1	65	66	0	
2	202	-1	66	67	0	
2	202	-1	67	69	0	
2	202	-1	69	70	0	
2	202	-1	70	74	0	
2	202	-1	74	10	0	
2	202	-1	10	11	0	
2	202	-1	11	12	0	
2	202	-1	12	13	0	
2	202	-1	13	14	0	
2	202	-1	14	15	0	
2	202	-1	15	16	0	
2	202	-1	16	17	0	
2	202	-1	17	18	0	
2	202	-1	18	19	0	
2	202	-1	19	20	0	
2	202	-1	20	21	0	
2	202	-1	21	22	0	
2	202	-1	22	23	0	
2	202	-1	23	24	0	
2	202	-1	24	25	0	
2	202	-1	25	26	0	
2	202	-1	26	27	0	
2	202	-1	27	28	0	
2	202	-1	28	29	0	
2	203	-1	63	64	0	
2	203	-1	64	65	0	
2	203	-1	65	66	0	
2	203	-1	66	67	0	
2	203	-1	67	69	0	
2	203	-1	69	70	0	
2	203	-1	70	74	0	
2	203	-1	74	10	0	
2	203	-1	10	11	0	
2	203	-1	11	12	0	
2	203	-1	12	13	0	
2	203	-1	13	14	0	
2	203	-1	14	15	0	
2	203	-1	15	16	0	
2	203	-1	16	17	0	
2	203	-1	17	18	0	
2	203	-1	18	19	0	
2	203	-1	19	20	0	
2	203	-1	20	21	0	
2	203	-1	21	22	0	
2	203	-1	22	23	0	
2	203	-1	23	24	0	
2	203	-1	24	25	0	
2	203	-1	25	26	0	
2	203	-1	26	27	0	
2	203	-1	27	28	0	
2	203	-1	28	29	0	
2	204	-1	63	64	0	
2	204	-1	64	65	0	
2	204	-1	65	66	0	
2	204	-1	66	67	0	
2	204	-1	67	69	0	
2	204	-1	69	70	0	
2	204	-1	70	74	0	
2	204	-1	74	10	0	
2	204	-1	10	11	0	
2	204	-1	11	12	0	
2	204	-1	12	13	0	
2	204	-1	13	14	0	
2	204	-1	14	15	0	
2	204	-1	15	16	0	
2	204	-1	16	17	0	
2	204	-1	17	18	0	
2	204	-1	18	19	0	
2	204	-1	19	20	0	
2	204	-1	20	21	0	
2	204	-1	21	22	0	
2	204	-1	22	23	0	
2	204	-1	23	24	0	
2	204	-1	24	25	0	
2	204	-1	25	26	0	
2	204	-1	26	27	0	
2	204	-1	27	28	0	
2	204	-1	28	29	0	
2	205	-1	63	64	0	
2	205	-1	64	65	0	
2	205	-1	65	66	0	
2	205	-1	66	67	0	
2	205	-1	67	69	0	
2	205	-1	69	70	0	
2	205	-1	70	74	0	
2	205	-1	74	10	0	
2	205	-1	10	11	0	
2	205	-1	11	12	0	
2	205	-1	12	13	0	
2	205	-1	13	14	0	
2	205	-1	14	15	0	
2	205	-1	15	16	0	
2	205	-1	16	17	0	
2	205	-1	17	18	0	
2	205	-1	18	19	0	
2	205	-1	19	20	0	
2	205	-1	20	21	0	
2	205	-1	21	22	0	
2	205	-1	22	23	0	
2	205	-1	23	24	0	
2	205	-1	24	25	0	
2	205	-1	25	26	0	
2	205	-1	26	27	0	
2	205	-1	27	28	0	
2	205	-1	28	29	0	
2	206	-1	63	64	0	
2	206	-1	64	65	0	
2	206	-1	65	66	0	
2	206	-1	66	67	0	
2	206	-1	67	69	0	
2	206	-1	69	70	0	
2	206	-1	70	74	0	
2	206	-1	74	10	0	
2	206	-1	10	11	0	
2	206	-1	11	12	0	
2	206	-1	12	13	0	
2	206	-1	13	14	0	
2	206	-1	14	15	0	
2	206	-1	15	16	0	
2	206	-1	16	17	0	
2	206	-1	17	18	0	
2	206	-1	18	19	0	
2	206	-1	19	20	0	
2	206	-1	20	21	0	
2	206	-1	21	22	0	
2	206	-1	22	23	0	
2	206	-1	23	24	0	
2	206	-1	24	25	0	
2	206	-1	25	26	0	
2	206	-1	26	27	0	
2	206	-1	27	28	0	
2	206	-1	28	29	0	
2	207	-1	63	64	0	
2	207	-1	64	65	0	
2	207	-1	65	66	0	
2	207	-1	66	67	0	
2	207	-1	67	69	0	
2	207	-1	69	70	0	
2	207	-1	70	74	0	
2	207	-1	74	10	0	
2	207	-1	10	11	0	
2	207	-1	11	12	0	
2	207	-1	12	13	0	
2	207	-1	13	14	0	
2	207	-1	14	15	0	
2	207	-1	15	16	0	
2	207	-1	16	17	0	
2	207	-1	17	18	0	
2	207	-1	18	19	0	
2	207	-1	19	20	0	
2	207	-1	20	21	0	
2	207	-1	21	22	0	
2	207	-1	22	23	0	
2	207	-1	23	24	0	
2	207	-1	24	25	0	
2	207	-1	25	26	0	
2	207	-1	26	27	0	
2	207	-1	27	28	0	
2	207	-1	28	29	0	
2	208	-1	63	64	0	
2	208	-1	64	65	0	
2	208	-1	65	66	0	
2	208	-1	66	67	0	
2	208	-1	67	69	0	
2	208	-1	69	70	0	
2	208	-1	70	74	0	
2	208	-1	74	10	0	
2	208	-1	10	11	0	
2	208	-1	11	12	0	
2	208	-1	12	13	0	
2	208	-1	13	14	0	
2	208	-1	14	15	0	
2	208	-1	15	16	0	
2	208	-1	16	17	0	
2	208	-1	17	18	0	
2	208	-1	18	19	0	
2	208	-1	19	20	0	
2	208	-1	20	21	0	
2	208	-1	21	22	0	
2	208	-1	22	23	0	
2	208	-1	23	24	0	
2	208	-1	24	25	0	
2	208	-1	25	26	0	
2	208	-1	26	27	0	
2	208	-1	27	28	0	
2	208	-1	28	29	0	
2	209	-1	63	64	0	
2	209	-1	64	65	0	
2	209	-1	65	66	0	
2	209	-1	66	67	0	
2	209	-1	67	69	0	
2	209	-1	69	70	0	
2	209	-1	70	74	0	
2	209	-1	74	10	0	
2	209	-1	10	11	0	
2	209	-1	11	12	0	
2	209	-1	12	13	0	
2	209	-1	13	14	0	
2	209	-1	14	15	0	
2	209	-1	15	16	0	
2	209	-1	16	17	0	
2	209	-1	17	18	0	
2	209	-1	18	19	0	
2	209	-1	19	20	0	
2	209	-1	20	21	0	
2	209	-1	21	22	0	
2	209	-1	22	23	0	
2	209	-1	23	24	0	
2	209	-1	24	25	0	
2	209	-1	25	26	0	
2	209	-1	26	27	0	
2	209	-1	27	28	0	
2	209	-1	28	29	0	
2	210	-1	63	64	0	
2	210	-1	64	65	0	
2	210	-1	65	66	0	
2	210	-1	66	67	0	
2	210	-1	67	69	0	
2	210	-1	69	70	0	
2	210	-1	70	74	0	
2	210	-1	74	10	0	
2	210	-1	10	11	0	
2	210	-1	11	12	0	
2	210	-1	12	13	0	
2	210	-1	13	14	0	
2	210	-1	14	15	0	
2	210	-1	15	16	0	
2	210	-1	16	17	0	
2	210	-1	17	18	0	
2	210	-1	18	19	0	
2	210	-1	19	20	0	
2	210	-1	20	21	0	
2	210	-1	21	22	0	
2	210	-1	22	23	0	
2	210	-1	23	24	0	
2	210	-1	24	25	0	
2	210	-1	25	26	0	
2	210	-1	26	27	0	
2	210	-1	27	28	0	
2	210	-1	28	29	0	
2	211	-1	63	64	0	
2	211	-1	64	65	0	
2	211	-1	65	66	0	
2	211	-1	66	67	0	
2	211	-1	67	69	0	
2	211	-1	69	70	0	
2	211	-1	70	74	0	
2	211	-1	74	10	0	
2	211	-1	10	11	0	
2	211	-1	11	12	0	
2	211	-1	12	13	0	
2	211	-1	13	14	0	
2	211	-1	14	15	0	
2	211	-1	15	16	0	
2	211	-1	16	17	0	
2	211	-1	17	18	0	
2	211	-1	18	19	0	
2	211	-1	19	20	0	
2	211	-1	20	21	0	
2	211	-1	21	22	0	
2	211	-1	22	23	0	
2	211	-1	23	24	0	
2	211	-1	24	25	0	
2	211	-1	25	26	0	
2	211	-1	26	27	0	
2	211	-1	27	28	0	
2	211	-1	28	29	0	
2	212	-1	63	64	0	
2	212	-1	64	65	0	
2	212	-1	65	66	0	
2	212	-1	66	67	0	
2	212	-1	67	69	0	
2	212	-1	69	70	0	
2	212	-1	70	74	0	
2	212	-1	74	10	0	
2	212	-1	10	11	0	
2	212	-1	11	12	0	
2	212	-1	12	13	0	
2	212	-1	13	14	0	
2	212	-1	14	15	0	
2	212	-1	15	16	0	
2	212	-1	16	17	0	
2	212	-1	17	18	0	
2	212	-1	18	19	0	
2	212	-1	19	20	0	
2	212	-1	20	21	0	
2	212	-1	21	22	0	
2	212	-1	22	23	0	
2	212	-1	23	24	0	
2	212	-1	24	25	0	
2	212	-1	25	26	0	
2	212	-1	26	27	0	
2	212	-1	27	28	0	
2	212	-1	28	29	0	
2	213	-1	63	64	0	
2	213	-1	64	65	0	
2	213	-1	65	66	0	
2	213	-1	66	67	0	
2	213	-1	67	69	0	
2	213	-1	69	70	0	
2	213	-1	70	74	0	
2	213	-1	74	10	0	
2	213	-1	10	11	0	
2	213	-1	11	12	0	
2	213	-1	12	13	0	
2	213	-1	13	14	0	
2	213	-1	14	15	0	
2	213	-1	15	16	0	
2	213	-1	16	17	0	
2	213	-1	17	18	0	
2	213	-1	18	19	0	
2	213	-1	19	20	0	
2	213	-1	20	21	0	
2	213	-1	21	22	0	
2	213	-1	22	23	0	
2	213	-1	23	24	0	
2	213	-1	24	25	0	
2	213	-1	25	26	0	
2	213	-1	26	27	0	
2	213	-1	27	28	0	
2	213	-1	28	29	0	
2	214	-1	63	64	0	
2	214	-1	64	65	0	
2	214	-1	65	66	0	
2	214	-1	66	67	0	
2	214	-1	67	69	0	
2	214	-1	69	70	0	
2	214	-1	70	74	0	
2	214	-1	74	10	0	
2	214	-1	10	11	0	
2	214	-1	11	12	0	
2	214	-1	12	13	0	
2	214	-1	13	14	0	
2	214	-1	14	15	0	
2	214	-1	15	16	0	
2	214	-1	16	17	0	
2	214	-1	17	18	0	
2	214	-1	18	19	0	
2	214	-1	19	20	0	
2	214	-1	20	21	0	
2	214	-1	21	22	0	
2	214	-1	22	23	0	
2	214	-1	23	24	0	
2	214	-1	24	25	0	
2	214	-1	25	26	0	
2	214	-1	26	27	0	
2	214	-1	27	28	0	
2	214	-1	28	29	0	
2	215	-1	63	64	0	
2	215	-1	64	65	0	
2	215	-1	65	66	0	
2	215	-1	66	67	0	
2	215	-1	67	69	0	
2	215	-1	69	70	0	
2	215	-1	70	74	0	
2	215	-1	74	10	0	
2	215	-1	10	11	0	
2	215	-1	11	12	0	
2	215	-1	12	13	0	
2	215	-1	13	14	0	
2	215	-1	14	15	0	
2	215	-1	15	16	0	
2	215	-1	16	17	0	
2	215	-1	17	18	0	
2	215	-1	18	19	0	
2	215	-1	19	20	0	
2	215	-1	20	21	0	
2	215	-1	21	22	0	
2	215	-1	22	23	0	
2	215	-1	23	24	0	
2	215	-1	24	25	0	
2	215	-1	25	26	0	
2	215	-1	26	27	0	
2	215	-1	27	28	0	
2	215	-1	28	29	0	
2	216	-1	63	64	0	
2	216	-1	64	65	0	
2	216	-1	65	66	0	
2	216	-1	66	67	0	
2	216	-1	67	69	0	
2	216	-1	69	70	0	
2	216	-1	70	74	0	
2	216	-1	74	10	0	
2	216	-1	10	11	0	
2	216	-1	11	12	0	
2	216	-1	12	13	0	
2	216	-1	13	14	0	
2	216	-1	14	15	0	
2	216	-1	15	16	0	
2	216	-1	16	17	0	
2	216	-1	17	18	0	
2	216	-1	18	19	0	
2	216	-1	19	20	0	
2	216	-1	20	21	0	
2	216	-1	21	22	0	
2	216	-1	22	23	0	
2	216	-1	23	24	0	
2	216	-1	24	25	0	
2	216	-1	25	26	0	
2	216	-1	26	27	0	
2	216	-1	27	28	0	
2	216	-1	28	29	0	
2	217	-1	63	64	0	
2	217	-1	64	65	0	
2	217	-1	65	66	0	
2	217	-1	66	67	0	
2	217	-1	67	69	0	
2	217	-1	69	70	0	
2	217	-1	70	74	0	
2	217	-1	74	10	0	
2	217	-1	10	11	0	
2	217	-1	11	12	0	
2	217	-1	12	13	0	
2	217	-1	13	14	0	
2	217	-1	14	15	0	
2	217	-1	15	16	0	
2	217	-1	16	17	0	
2	217	-1	17	18	0	
2	217	-1	18	19	0	
2	217	-1	19	20	0	
2	217	-1	20	21	0	
2	217	-1	21	22	0	
2	217	-1	22	23	0	
2	217	-1	23	24	0	
2	217	-1	24	25	0	
2	217	-1	25	26	0	
2	217	-1	26	27	0	
2	217	-1	27	28	0	
2	217	-1	28	29	0	
2	218	-1	63	64	0	
2	218	-1	64	65	0	
2	218	-1	65	66	0	
2	218	-1	66	67	0	
2	218	-1	67	69	0	
2	218	-1	69	70	0	
2	218	-1	70	74	0	
2	218	-1	74	10	0	
2	218	-1	10	11	0	
2	218	-1	11	12	0	
2	218	-1	12	13	0	
2	218	-1	13	14	0	
2	218	-1	14	15	0	
2	218	-1	15	16	0	
2	218	-1	16	17	0	
2	218	-1	17	18	0	
2	218	-1	18	19	0	
2	218	-1	19	20	0	
2	218	-1	20	21	0	
2	218	-1	21	22	0	
2	218	-1	22	23	0	
2	218	-1	23	24	0	
2	218	-1	24	25	0	
2	218	-1	25	26	0	
2	218	-1	26	27	0	
2	218	-1	27	28	0	
2	218	-1	28	29	0	
2	219	-1	63	64	0	
2	219	-1	64	65	0	
2	219	-1	65	66	0	
2	219	-1	66	67	0	
2	219	-1	67	69	0	
2	219	-1	69	70	0	
2	219	-1	70	74	0	
2	219	-1	74	10	0	
2	219	-1	10	11	0	
2	219	-1	11	12	0	
2	219	-1	12	13	0	
2	219	-1	13	14	0	
2	219	-1	14	15	0	
2	219	-1	15	16	0	
2	219	-1	16	17	0	
2	219	-1	17	18	0	
2	219	-1	18	19	0	
2	219	-1	19	20	0	
2	219	-1	20	21	0	
2	219	-1	21	22	0	
2	219	-1	22	23	0	
2	219	-1	23	24	0	
2	219	-1	24	25	0	
2	219	-1	25	26	0	
2	219	-1	26	27	0	
2	219	-1	27	28	0	
2	219	-1	28	29	0	
2	220	-1	63	64	0	
2	220	-1	64	65	0	
2	220	-1	65	66	0	
2	220	-1	66	67	0	
2	220	-1	67	69	0	
2	220	-1	69	70	0	
2	220	-1	70	74	0	
2	220	-1	74	10	0	
2	220	-1	10	11	0	
2	220	-1	11	12	0	
2	220	-1	12	13	0	
2	220	-1	13	14	0	
2	220	-1	14	15	0	
2	220	-1	15	16	0	
2	220	-1	16	17	0	
2	220	-1	17	18	0	
2	220	-1	18	19	0	
2	220	-1	19	20	0	
2	220	-1	20	21	0	
2	220	-1	21	22	0	
2	220	-1	22	23	0	
2	220	-1	23	24	0	
2	220	-1	24	25	0	
2	220	-1	25	26	0	
2	220	-1	26	27	0	
2	220	-1	27	28	0	
2	220	-1	28	29	0	
2	221	-1	63	64	0	
2	221	-1	64	65	0	
2	221	-1	65	66	0	
2	221	-1	66	67	0	
2	221	-1	67	69	0	
2	221	-1	69	70	0	
2	221	-1	70	74	0	
2	221	-1	74	10	0	
2	221	-1	10	11	0	
2	221	-1	11	12	0	
2	221	-1	12	13	0	
2	221	-1	13	14	0	
2	221	-1	14	15	0	
2	221	-1	15	16	0	
2	221	-1	16	17	0	
2	221	-1	17	18	0	
2	221	-1	18	19	0	
2	221	-1	19	20	0	
2	221	-1	20	21	0	
2	221	-1	21	22	0	
2	221	-1	22	23	0	
2	221	-1	23	24	0	
2	221	-1	24	25	0	
2	221	-1	25	26	0	
2	221	-1	26	27	0	
2	221	-1	27	28	0	
2	221	-1	28	29	0	
2	222	-1	63	64	0	
2	222	-1	64	65	0	
2	222	-1	65	66	0	
2	222	-1	66	67	0	
2	222	-1	67	69	0	
2	222	-1	69	70	0	
2	222	-1	70	74	0	
2	222	-1	74	10	0	
2	222	-1	10	11	0	
2	222	-1	11	12	0	
2	222	-1	12	13	0	
2	222	-1	13	14	0	
2	222	-1	14	15	0	
2	222	-1	15	16	0	
2	222	-1	16	17	0	
2	222	-1	17	18	0	
2	222	-1	18	19	0	
2	222	-1	19	20	0	
2	222	-1	20	21	0	
2	222	-1	21	22	0	
2	222	-1	22	23	0	
2	222	-1	23	24	0	
2	222	-1	24	25	0	
2	222	-1	25	26	0	
2	222	-1	26	27	0	
2	222	-1	27	28	0	
2	222	-1	28	29	0	
2	223	-1	63	64	0	
2	223	-1	64	65	0	
2	223	-1	65	66	0	
2	223	-1	66	67	0	
2	223	-1	67	69	0	
2	223	-1	69	70	0	
2	223	-1	70	74	0	
2	223	-1	74	10	0	
2	223	-1	10	11	0	
2	223	-1	11	12	0	
2	223	-1	12	13	0	
2	223	-1	13	14	0	
2	223	-1	14	15	0	
2	223	-1	15	16	0	
2	223	-1	16	17	0	
2	223	-1	17	18	0	
2	223	-1	18	19	0	
2	223	-1	19	20	0	
2	223	-1	20	21	0	
2	223	-1	21	22	0	
2	223	-1	22	23	0	
2	223	-1	23	24	0	
2	223	-1	24	25	0	
2	223	-1	25	26	0	
2	223	-1	26	27	0	
2	223	-1	27	28	0	
2	223	-1	28	29	0	
2	224	-1	63	64	0	
2	224	-1	64	65	0	
2	224	-1	65	66	0	
2	224	-1	66	67	0	
2	224	-1	67	69	0	
2	224	-1	69	70	0	
2	224	-1	70	74	0	
2	224	-1	74	10	0	
2	224	-1	10	11	0	
2	224	-1	11	12	0	
2	224	-1	12	13	0	
2	224	-1	13	14	0	
2	224	-1	14	15	0	
2	224	-1	15	16	0	
2	224	-1	16	17	0	
2	224	-1	17	18	0	
2	224	-1	18	19	0	
2	224	-1	19	20	0	
2	224	-1	20	21	0	
2	224	-1	21	22	0	
2	224	-1	22	23	0	
2	224	-1	23	24	0	
2	224	-1	24	25	0	
2	224	-1	25	26	0	
2	224	-1	26	27	0	
2	224	-1	27	28	0	
2	224	-1	28	29	0	
2	225	-1	63	64	0	
2	225	-1	64	65	0	
2	225	-1	65	66	0	
2	225	-1	66	67	0	
2	225	-1	67	69	0	
2	225	-1	69	70	0	
2	225	-1	70	74	0	
2	225	-1	74	10	0	
2	225	-1	10	11	0	
2	225	-1	11	12	0	
2	225	-1	12	13	0	
2	225	-1	13	14	0	
2	225	-1	14	15	0	
2	225	-1	15	16	0	
2	225	-1	16	17	0	
2	225	-1	17	18	0	
2	225	-1	18	19	0	
2	225	-1	19	20	0	
2	225	-1	20	21	0	
2	225	-1	21	22	0	
2	225	-1	22	23	0	
2	225	-1	23	24	0	
2	225	-1	24	25	0	
2	225	-1	25	26	0	
2	225	-1	26	27	0	
2	225	-1	27	28	0	
2	225	-1	28	29	0	
2	226	-1	63	64	0	
2	226	-1	64	65	0	
2	226	-1	65	66	0	
2	226	-1	66	67	0	
2	226	-1	67	69	0	
2	226	-1	69	70	0	
2	226	-1	70	74	0	
2	226	-1	74	10	0	
2	226	-1	10	11	0	
2	226	-1	11	12	0	
2	226	-1	12	13	0	
2	226	-1	13	14	0	
2	226	-1	14	15	0	
2	226	-1	15	16	0	
2	226	-1	16	17	0	
2	226	-1	17	18	0	
2	226	-1	18	19	0	
2	226	-1	19	20	0	
2	226	-1	20	21	0	
2	226	-1	21	22	0	
2	226	-1	22	23	0	
2	226	-1	23	24	0	
2	226	-1	24	25	0	
2	226	-1	25	26	0	
2	226	-1	26	27	0	
2	226	-1	27	28	0	
2	226	-1	28	29	0	
2	227	-1	63	64	0	
2	227	-1	64	65	0	
2	227	-1	65	66	0	
2	227	-1	66	67	0	
2	227	-1	67	69	0	
2	227	-1	69	70	0	
2	227	-1	70	74	0	
2	227	-1	74	10	0	
2	227	-1	10	11	0	
2	227	-1	11	12	0	
2	227	-1	12	13	0	
2	227	-1	13	14	0	
2	227	-1	14	15	0	
2	227	-1	15	16	0	
2	227	-1	16	17	0	
2	227	-1	17	18	0	
2	227	-1	18	19	0	
2	227	-1	19	20	0	
2	227	-1	20	21	0	
2	227	-1	21	22	0	
2	227	-1	22	23	0	
2	227	-1	23	24	0	
2	227	-1	24	25	0	
2	227	-1	25	26	0	
2	227	-1	26	27	0	
2	227	-1	27	28	0	
2	227	-1	28	29	0	
2	228	-1	63	64	0	
2	228	-1	64	65	0	
2	228	-1	65	66	0	
2	228	-1	66	67	0	
2	228	-1	67	69	0	
2	228	-1	69	70	0	
2	228	-1	70	74	0	
2	228	-1	74	10	0	
2	228	-1	10	11	0	
2	228	-1	11	12	0	
2	228	-1	12	13	0	
2	228	-1	13	14	0	
2	228	-1	14	15	0	
2	228	-1	15	16	0	
2	228	-1	16	17	0	
2	228	-1	17	18	0	
2	228	-1	18	19	0	
2	228	-1	19	20	0	
2	228	-1	20	21	0	
2	228	-1	21	22	0	
2	228	-1	22	23	0	
2	228	-1	23	24	0	
2	228	-1	24	25	0	
2	228	-1	25	26	0	
2	228	-1	26	27	0	
2	228	-1	27	28	0	
2	228	-1	28	29	0	
2	229	-1	63	64	0	
2	229	-1	64	65	0	
2	229	-1	65	66	0	
2	229	-1	66	67	0	
2	229	-1	67	69	0	
2	229	-1	69	70	0	
2	229	-1	70	74	0	
2	229	-1	74	10	0	
2	229	-1	10	11	0	
2	229	-1	11	12	0	
2	229	-1	12	13	0	
2	229	-1	13	14	0	
2	229	-1	14	15	0	
2	229	-1	15	16	0	
2	229	-1	16	17	0	
2	229	-1	17	18	0	
2	229	-1	18	19	0	
2	229	-1	19	20	0	
2	229	-1	20	21	0	
2	229	-1	21	22	0	
2	229	-1	22	23	0	
2	229	-1	23	24	0	
2	229	-1	24	25	0	
2	229	-1	25	26	0	
2	229	-1	26	27	0	
2	229	-1	27	28	0	
2	229	-1	28	29	0	
2	230	-1	63	64	0	
2	230	-1	64	65	0	
2	230	-1	65	66	0	
2	230	-1	66	67	0	
2	230	-1	67	69	0	
2	230	-1	69	70	0	
2	230	-1	70	74	0	
2	230	-1	74	10	0	
2	230	-1	10	11	0	
2	230	-1	11	12	0	
2	230	-1	12	13	0	
2	230	-1	13	14	0	
2	230	-1	14	15	0	
2	230	-1	15	16	0	
2	230	-1	16	17	0	
2	230	-1	17	18	0	
2	230	-1	18	19	0	
2	230	-1	19	20	0	
2	230	-1	20	21	0	
2	230	-1	21	22	0	
2	230	-1	22	23	0	
2	230	-1	23	24	0	
2	230	-1	24	25	0	
2	230	-1	25	26	0	
2	230	-1	26	27	0	
2	230	-1	27	28	0	
2	230	-1	28	29	0	
2	231	-1	63	64	0	
2	231	-1	64	65	0	
2	231	-1	65	66	0	
2	231	-1	66	67	0	
2	231	-1	67	69	0	
2	231	-1	69	70	0	
2	231	-1	70	74	0	
2	231	-1	74	10	0	
2	231	-1	10	11	0	
2	231	-1	11	12	0	
2	231	-1	12	13	0	
2	231	-1	13	14	0	
2	231	-1	14	15	0	
2	231	-1	15	16	0	
2	231	-1	16	17	0	
2	231	-1	17	18	0	
2	231	-1	18	19	0	
2	231	-1	19	20	0	
2	231	-1	20	21	0	
2	231	-1	21	22	0	
2	231	-1	22	23	0	
2	231	-1	23	24	0	
2	231	-1	24	25	0	
2	231	-1	25	26	0	
2	231	-1	26	27	0	
2	231	-1	27	28	0	
2	231	-1	28	29	0	
2	232	-1	63	64	0	
2	232	-1	64	65	0	
2	232	-1	65	66	0	
2	232	-1	66	67	0	
2	232	-1	67	69	0	
2	232	-1	69	70	0	
2	232	-1	70	74	0	
2	232	-1	74	10	0	
2	232	-1	10	11	0	
2	232	-1	11	12	0	
2	232	-1	12	13	0	
2	232	-1	13	14	0	
2	232	-1	14	15	0	
2	232	-1	15	16	0	
2	232	-1	16	17	0	
2	232	-1	17	18	0	
2	232	-1	18	19	0	
2	232	-1	19	20	0	
2	232	-1	20	21	0	
2	232	-1	21	22	0	
2	232	-1	22	23	0	
2	232	-1	23	24	0	
2	232	-1	24	25	0	
2	232	-1	25	26	0	
2	232	-1	26	27	0	
2	232	-1	27	28	0	
2	232	-1	28	29	0	
2	233	-1	63	64	0	
2	233	-1	64	65	0	
2	233	-1	65	66	0	
2	233	-1	66	67	0	
2	233	-1	67	69	0	
2	233	-1	69	70	0	
2	233	-1	70	74	0	
2	233	-1	74	10	0	
2	233	-1	10	11	0	
2	233	-1	11	12	0	
2	233	-1	12	13	0	
2	233	-1	13	14	0	
2	233	-1	14	15	0	
2	233	-1	15	16	0	
2	233	-1	16	17	0	
2	233	-1	17	18	0	
2	233	-1	18	19	0	
2	233	-1	19	20	0	
2	233	-1	20	21	0	
2	233	-1	21	22	0	
2	233	-1	22	23	0	
2	233	-1	23	24	0	
2	233	-1	24	25	0	
2	233	-1	25	26	0	
2	233	-1	26	27	0	
2	233	-1	27	28	0	
2	233	-1	28	29	0	
2	234	-1	63	64	0	
2	234	-1	64	65	0	
2	234	-1	65	66	0	
2	234	-1	66	67	0	
2	234	-1	67	69	0	
2	234	-1	69	70	0	
2	234	-1	70	74	0	
2	234	-1	74	10	0	
2	234	-1	10	11	0	
2	234	-1	11	12	0	
2	234	-1	12	13	0	
2	234	-1	13	14	0	
2	234	-1	14	15	0	
2	234	-1	15	16	0	
2	234	-1	16	17	0	
2	234	-1	17	18	0	
2	234	-1	18	19	0	
2	234	-1	19	20	0	
2	234	-1	20	21	0	
2	234	-1	21	22	0	
2	234	-1	22	23	0	
2	234	-1	23	24	0	
2	234	-1	24	25	0	
2	234	-1	25	26	0	
2	234	-1	26	27	0	
2	234	-1	27	28	0	
2	234	-1	28	29	0	
2	235	-1	63	64	0	
2	235	-1	64	65	0	
2	235	-1	65	66	0	
2	235	-1	66	67	0	
2	235	-1	67	69	0	
2	235	-1	69	70	0	
2	235	-1	70	74	0	
2	235	-1	74	10	0	
2	235	-1	10	11	0	
2	235	-1	11	12	0	
2	235	-1	12	13	0	
2	235	-1	13	14	0	
2	235	-1	14	15	0	
2	235	-1	15	16	0	
2	235	-1	16	17	0	
2	235	-1	17	18	0	
2	235	-1	18	19	0	
2	235	-1	19	20	0	
2	235	-1	20	21	0	
2	235	-1	21	22	0	
2	235	-1	22	23	0	
2	235	-1	23	24	0	
2	235	-1	24	25	0	
2	235	-1	25	26	0	
2	235	-1	26	27	0	
2	235	-1	27	28	0	
2	235	-1	28	29	0	
2	236	-1	63	64	0	
2	236	-1	64	65	0	
2	236	-1	65	66	0	
2	236	-1	66	67	0	
2	236	-1	67	69	0	
2	236	-1	69	70	0	
2	236	-1	70	74	0	
2	236	-1	74	10	0	
2	236	-1	10	11	0	
2	236	-1	11	12	0	
2	236	-1	12	13	0	
2	236	-1	13	14	0	
2	236	-1	14	15	0	
2	236	-1	15	16	0	
2	236	-1	16	17	0	
2	236	-1	17	18	0	
2	236	-1	18	19	0	
2	236	-1	19	20	0	
2	236	-1	20	21	0	
2	236	-1	21	22	0	
2	236	-1	22	23	0	
2	236	-1	23	24	0	
2	236	-1	24	25	0	
2	236	-1	25	26	0	
2	236	-1	26	27	0	
2	236	-1	27	28	0	
2	236	-1	28	29	0	
11	1101	-1	78	155	0	
11	1101	-1	155	79	0	
11	1101	-1	79	80	0	
11	1101	-1	80	81	0	
11	1101	-1	81	82	0	
11	1101	-1	82	83	0	
11	1101	-1	83	84	0	
11	1101	-1	84	85	0	
11	1101	-1	85	86	0	
11	1101	-1	86	157	0	
11	1101	-1	157	87	0	
11	1101	-1	87	88	0	
11	1101	-1	88	89	0	
11	1101	-1	89	90	0	
11	1101	-1	90	91	0	
11	1101	-1	91	92	0	
11	1101	-1	92	93	0	
11	1101	-1	93	94	0	
11	1101	-1	94	95	0	
11	1101	-1	95	96	0	
11	1101	-1	96	97	0	
11	1102	-1	78	155	0	
11	1102	-1	155	79	0	
11	1102	-1	79	80	0	
11	1102	-1	80	81	0	
11	1102	-1	81	82	0	
11	1102	-1	82	83	0	
11	1102	-1	83	84	0	
11	1102	-1	84	85	0	
11	1102	-1	85	86	0	
11	1102	-1	86	157	0	
11	1102	-1	157	87	0	
11	1102	-1	87	88	0	
11	1102	-1	88	89	0	
11	1102	-1	89	90	0	
11	1102	-1	90	91	0	
11	1102	-1	91	92	0	
11	1102	-1	92	93	0	
11	1102	-1	93	94	0	
11	1102	-1	94	95	0	
11	1102	-1	95	96	0	
11	1102	-1	96	97	0	
11	1103	-1	78	155	0	
11	1103	-1	155	79	0	
11	1103	-1	79	80	0	
11	1103	-1	80	81	0	
11	1103	-1	81	82	0	
11	1103	-1	82	83	0	
11	1103	-1	83	84	0	
11	1103	-1	84	85	0	
11	1103	-1	85	86	0	
11	1103	-1	86	157	0	
11	1103	-1	157	87	0	
11	1103	-1	87	88	0	
11	1103	-1	88	89	0	
11	1103	-1	89	90	0	
11	1103	-1	90	91	0	
11	1103	-1	91	92	0	
11	1103	-1	92	93	0	
11	1103	-1	93	94	0	
11	1103	-1	94	95	0	
11	1103	-1	95	96	0	
11	1103	-1	96	97	0	
11	1104	-1	78	155	0	
11	1104	-1	155	79	0	
11	1104	-1	79	80	0	
11	1104	-1	80	81	0	
11	1104	-1	81	82	0	
11	1104	-1	82	83	0	
11	1104	-1	83	84	0	
11	1104	-1	84	85	0	
11	1104	-1	85	86	0	
11	1104	-1	86	157	0	
11	1104	-1	157	87	0	
11	1104	-1	87	88	0	
11	1104	-1	88	89	0	
11	1104	-1	89	90	0	
11	1104	-1	90	91	0	
11	1104	-1	91	92	0	
11	1104	-1	92	93	0	
11	1104	-1	93	94	0	
11	1104	-1	94	95	0	
11	1104	-1	95	96	0	
11	1104	-1	96	97	0	
11	1105	-1	78	155	0	
11	1105	-1	155	79	0	
11	1105	-1	79	80	0	
11	1105	-1	80	81	0	
11	1105	-1	81	82	0	
11	1105	-1	82	83	0	
11	1105	-1	83	84	0	
11	1105	-1	84	85	0	
11	1105	-1	85	86	0	
11	1105	-1	86	157	0	
11	1105	-1	157	87	0	
11	1105	-1	87	88	0	
11	1105	-1	88	89	0	
11	1105	-1	89	90	0	
11	1105	-1	90	91	0	
11	1105	-1	91	92	0	
11	1105	-1	92	93	0	
11	1105	-1	93	94	0	
11	1105	-1	94	95	0	
11	1105	-1	95	96	0	
11	1105	-1	96	97	0	
11	1106	-1	78	155	0	
11	1106	-1	155	79	0	
11	1106	-1	79	80	0	
11	1106	-1	80	81	0	
11	1106	-1	81	82	0	
11	1106	-1	82	83	0	
11	1106	-1	83	84	0	
11	1106	-1	84	85	0	
11	1106	-1	85	86	0	
11	1106	-1	86	157	0	
11	1106	-1	157	87	0	
11	1106	-1	87	88	0	
11	1106	-1	88	89	0	
11	1106	-1	89	90	0	
11	1106	-1	90	91	0	
11	1106	-1	91	92	0	
11	1106	-1	92	93	0	
11	1106	-1	93	94	0	
11	1106	-1	94	95	0	
11	1106	-1	95	96	0	
11	1106	-1	96	97	0	
11	1107	-1	78	155	0	
11	1107	-1	155	79	0	
11	1107	-1	79	80	0	
11	1107	-1	80	81	0	
11	1107	-1	81	82	0	
11	1107	-1	82	83	0	
11	1107	-1	83	84	0	
11	1107	-1	84	85	0	
11	1107	-1	85	86	0	
11	1107	-1	86	157	0	
11	1107	-1	157	87	0	
11	1107	-1	87	88	0	
11	1107	-1	88	89	0	
11	1107	-1	89	90	0	
11	1107	-1	90	91	0	
11	1107	-1	91	92	0	
11	1107	-1	92	93	0	
11	1107	-1	93	94	0	
11	1107	-1	94	95	0	
11	1107	-1	95	96	0	
11	1107	-1	96	97	0	
11	1108	-1	78	155	0	
11	1108	-1	155	79	0	
11	1108	-1	79	80	0	
11	1108	-1	80	81	0	
11	1108	-1	81	82	0	
11	1108	-1	82	83	0	
11	1108	-1	83	84	0	
11	1108	-1	84	85	0	
11	1108	-1	85	86	0	
11	1108	-1	86	157	0	
11	1108	-1	157	87	0	
11	1108	-1	87	88	0	
11	1108	-1	88	89	0	
11	1108	-1	89	90	0	
11	1108	-1	90	91	0	
11	1108	-1	91	92	0	
11	1108	-1	92	93	0	
11	1108	-1	93	94	0	
11	1108	-1	94	95	0	
11	1108	-1	95	96	0	
11	1108	-1	96	97	0	
11	1109	-1	78	155	0	
11	1109	-1	155	79	0	
11	1109	-1	79	80	0	
11	1109	-1	80	81	0	
11	1109	-1	81	82	0	
11	1109	-1	82	83	0	
11	1109	-1	83	84	0	
11	1109	-1	84	85	0	
11	1109	-1	85	86	0	
11	1109	-1	86	157	0	
11	1109	-1	157	87	0	
11	1109	-1	87	88	0	
11	1109	-1	88	89	0	
11	1109	-1	89	90	0	
11	1109	-1	90	91	0	
11	1109	-1	91	92	0	
11	1109	-1	92	93	0	
11	1109	-1	93	94	0	
11	1109	-1	94	95	0	
11	1109	-1	95	96	0	
11	1109	-1	96	97	0	
11	1110	-1	78	155	0	
11	1110	-1	155	79	0	
11	1110	-1	79	80	0	
11	1110	-1	80	81	0	
11	1110	-1	81	82	0	
11	1110	-1	82	83	0	
11	1110	-1	83	84	0	
11	1110	-1	84	85	0	
11	1110	-1	85	86	0	
11	1110	-1	86	157	0	
11	1110	-1	157	87	0	
11	1110	-1	87	88	0	
11	1110	-1	88	89	0	
11	1110	-1	89	90	0	
11	1110	-1	90	91	0	
11	1110	-1	91	92	0	
11	1110	-1	92	93	0	
11	1110	-1	93	94	0	
11	1110	-1	94	95	0	
11	1110	-1	95	96	0	
11	1110	-1	96	97	0	
11	1111	-1	78	155	0	
11	1111	-1	155	79	0	
11	1111	-1	79	80	0	
11	1111	-1	80	81	0	
11	1111	-1	81	82	0	
11	1111	-1	82	83	0	
11	1111	-1	83	84	0	
11	1111	-1	84	85	0	
11	1111	-1	85	86	0	
11	1111	-1	86	157	0	
11	1111	-1	157	87	0	
11	1111	-1	87	88	0	
11	1111	-1	88	89	0	
11	1111	-1	89	90	0	
11	1111	-1	90	91	0	
11	1111	-1	91	92	0	
11	1111	-1	92	93	0	
11	1111	-1	93	94	0	
11	1111	-1	94	95	0	
11	1111	-1	95	96	0	
11	1111	-1	96	97	0	
11	1112	-1	78	155	0	
11	1112	-1	155	79	0	
11	1112	-1	79	80	0	
11	1112	-1	80	81	0	
11	1112	-1	81	82	0	
11	1112	-1	82	83	0	
11	1112	-1	83	84	0	
11	1112	-1	84	85	0	
11	1112	-1	85	86	0	
11	1112	-1	86	157	0	
11	1112	-1	157	87	0	
11	1112	-1	87	88	0	
11	1112	-1	88	89	0	
11	1112	-1	89	90	0	
11	1112	-1	90	91	0	
11	1112	-1	91	92	0	
11	1112	-1	92	93	0	
11	1112	-1	93	94	0	
11	1112	-1	94	95	0	
11	1112	-1	95	96	0	
11	1112	-1	96	97	0	
11	1113	-1	78	155	0	
11	1113	-1	155	79	0	
11	1113	-1	79	80	0	
11	1113	-1	80	81	0	
11	1113	-1	81	82	0	
11	1113	-1	82	83	0	
11	1113	-1	83	84	0	
11	1113	-1	84	85	0	
11	1113	-1	85	86	0	
11	1113	-1	86	157	0	
11	1113	-1	157	87	0	
11	1113	-1	87	88	0	
11	1113	-1	88	89	0	
11	1113	-1	89	90	0	
11	1113	-1	90	91	0	
11	1113	-1	91	92	0	
11	1113	-1	92	93	0	
11	1113	-1	93	94	0	
11	1113	-1	94	95	0	
11	1113	-1	95	96	0	
11	1113	-1	96	97	0	
11	1114	-1	78	155	0	
11	1114	-1	155	79	0	
11	1114	-1	79	80	0	
11	1114	-1	80	81	0	
11	1114	-1	81	82	0	
11	1114	-1	82	83	0	
11	1114	-1	83	84	0	
11	1114	-1	84	85	0	
11	1114	-1	85	86	0	
11	1114	-1	86	157	0	
11	1114	-1	157	87	0	
11	1114	-1	87	88	0	
11	1114	-1	88	89	0	
11	1114	-1	89	90	0	
11	1114	-1	90	91	0	
11	1114	-1	91	92	0	
11	1114	-1	92	93	0	
11	1114	-1	93	94	0	
11	1114	-1	94	95	0	
11	1114	-1	95	96	0	
11	1114	-1	96	97	0	
11	1115	-1	78	155	0	
11	1115	-1	155	79	0	
11	1115	-1	79	80	0	
11	1115	-1	80	81	0	
11	1115	-1	81	82	0	
11	1115	-1	82	83	0	
11	1115	-1	83	84	0	
11	1115	-1	84	85	0	
11	1115	-1	85	86	0	
11	1115	-1	86	157	0	
11	1115	-1	157	87	0	
11	1115	-1	87	88	0	
11	1115	-1	88	89	0	
11	1115	-1	89	90	0	
11	1115	-1	90	91	0	
11	1115	-1	91	92	0	
11	1115	-1	92	93	0	
11	1115	-1	93	94	0	
11	1115	-1	94	95	0	
11	1115	-1	95	96	0	
11	1115	-1	96	97	0	
11	1116	-1	78	155	0	
11	1116	-1	155	79	0	
11	1116	-1	79	80	0	
11	1116	-1	80	81	0	
11	1116	-1	81	82	0	
11	1116	-1	82	83	0	
11	1116	-1	83	84	0	
11	1116	-1	84	85	0	
11	1116	-1	85	86	0	
11	1116	-1	86	157	0	
11	1116	-1	157	87	0	
11	1116	-1	87	88	0	
11	1116	-1	88	89	0	
11	1116	-1	89	90	0	
11	1116	-1	90	91	0	
11	1116	-1	91	92	0	
11	1116	-1	92	93	0	
11	1116	-1	93	94	0	
11	1116	-1	94	95	0	
11	1116	-1	95	96	0	
11	1116	-1	96	97	0	
11	1117	-1	78	155	0	
11	1117	-1	155	79	0	
11	1117	-1	79	80	0	
11	1117	-1	80	81	0	
11	1117	-1	81	82	0	
11	1117	-1	82	83	0	
11	1117	-1	83	84	0	
11	1117	-1	84	85	0	
11	1117	-1	85	86	0	
11	1117	-1	86	157	0	
11	1117	-1	157	87	0	
11	1117	-1	87	88	0	
11	1117	-1	88	89	0	
11	1117	-1	89	90	0	
11	1117	-1	90	91	0	
11	1117	-1	91	92	0	
11	1117	-1	92	93	0	
11	1117	-1	93	94	0	
11	1117	-1	94	95	0	
11	1117	-1	95	96	0	
11	1117	-1	96	97	0	
11	1118	-1	78	155	0	
11	1118	-1	155	79	0	
11	1118	-1	79	80	0	
11	1118	-1	80	81	0	
11	1118	-1	81	82	0	
11	1118	-1	82	83	0	
11	1118	-1	83	84	0	
11	1118	-1	84	85	0	
11	1118	-1	85	86	0	
11	1118	-1	86	157	0	
11	1118	-1	157	87	0	
11	1118	-1	87	88	0	
11	1118	-1	88	89	0	
11	1118	-1	89	90	0	
11	1118	-1	90	91	0	
11	1118	-1	91	92	0	
11	1118	-1	92	93	0	
11	1118	-1	93	94	0	
11	1118	-1	94	95	0	
11	1118	-1	95	96	0	
11	1118	-1	96	97	0	
11	1119	-1	78	155	0	
11	1119	-1	155	79	0	
11	1119	-1	79	80	0	
11	1119	-1	80	81	0	
11	1119	-1	81	82	0	
11	1119	-1	82	83	0	
11	1119	-1	83	84	0	
11	1119	-1	84	85	0	
11	1119	-1	85	86	0	
11	1119	-1	86	157	0	
11	1119	-1	157	87	0	
11	1119	-1	87	88	0	
11	1119	-1	88	89	0	
11	1119	-1	89	90	0	
11	1119	-1	90	91	0	
11	1119	-1	91	92	0	
11	1119	-1	92	93	0	
11	1119	-1	93	94	0	
11	1119	-1	94	95	0	
11	1119	-1	95	96	0	
11	1119	-1	96	97	0	
11	1120	-1	78	155	0	
11	1120	-1	155	79	0	
11	1120	-1	79	80	0	
11	1120	-1	80	81	0	
11	1120	-1	81	82	0	
11	1120	-1	82	83	0	
11	1120	-1	83	84	0	
11	1120	-1	84	85	0	
11	1120	-1	85	86	0	
11	1120	-1	86	157	0	
11	1120	-1	157	87	0	
11	1120	-1	87	88	0	
11	1120	-1	88	89	0	
11	1120	-1	89	90	0	
11	1120	-1	90	91	0	
11	1120	-1	91	92	0	
11	1120	-1	92	93	0	
11	1120	-1	93	94	0	
11	1120	-1	94	95	0	
11	1120	-1	95	96	0	
11	1120	-1	96	97	0	
11	1121	-1	78	155	0	
11	1121	-1	155	79	0	
11	1121	-1	79	80	0	
11	1121	-1	80	81	0	
11	1121	-1	81	82	0	
11	1121	-1	82	83	0	
11	1121	-1	83	84	0	
11	1121	-1	84	85	0	
11	1121	-1	85	86	0	
11	1121	-1	86	157	0	
11	1121	-1	157	87	0	
11	1121	-1	87	88	0	
11	1121	-1	88	89	0	
11	1121	-1	89	90	0	
11	1121	-1	90	91	0	
11	1121	-1	91	92	0	
11	1121	-1	92	93	0	
11	1121	-1	93	94	0	
11	1121	-1	94	95	0	
11	1121	-1	95	96	0	
11	1121	-1	96	97	0	
11	1122	-1	78	155	0	
11	1122	-1	155	79	0	
11	1122	-1	79	80	0	
11	1122	-1	80	81	0	
11	1122	-1	81	82	0	
11	1122	-1	82	83	0	
11	1122	-1	83	84	0	
11	1122	-1	84	85	0	
11	1122	-1	85	86	0	
11	1122	-1	86	157	0	
11	1122	-1	157	87	0	
11	1122	-1	87	88	0	
11	1122	-1	88	89	0	
11	1122	-1	89	90	0	
11	1122	-1	90	91	0	
11	1122	-1	91	92	0	
11	1122	-1	92	93	0	
11	1122	-1	93	94	0	
11	1122	-1	94	95	0	
11	1122	-1	95	96	0	
11	1122	-1	96	97	0	
11	1123	-1	78	155	0	
11	1123	-1	155	79	0	
11	1123	-1	79	80	0	
11	1123	-1	80	81	0	
11	1123	-1	81	82	0	
11	1123	-1	82	83	0	
11	1123	-1	83	84	0	
11	1123	-1	84	85	0	
11	1123	-1	85	86	0	
11	1123	-1	86	157	0	
11	1123	-1	157	87	0	
11	1123	-1	87	88	0	
11	1123	-1	88	89	0	
11	1123	-1	89	90	0	
11	1123	-1	90	91	0	
11	1123	-1	91	92	0	
11	1123	-1	92	93	0	
11	1123	-1	93	94	0	
11	1123	-1	94	95	0	
11	1123	-1	95	96	0	
11	1123	-1	96	97	0	
11	1124	-1	78	155	0	
11	1124	-1	155	79	0	
11	1124	-1	79	80	0	
11	1124	-1	80	81	0	
11	1124	-1	81	82	0	
11	1124	-1	82	83	0	
11	1124	-1	83	84	0	
11	1124	-1	84	85	0	
11	1124	-1	85	86	0	
11	1124	-1	86	157	0	
11	1124	-1	157	87	0	
11	1124	-1	87	88	0	
11	1124	-1	88	89	0	
11	1124	-1	89	90	0	
11	1124	-1	90	91	0	
11	1124	-1	91	92	0	
11	1124	-1	92	93	0	
11	1124	-1	93	94	0	
11	1124	-1	94	95	0	
11	1124	-1	95	96	0	
11	1124	-1	96	97	0	
11	1125	-1	78	155	0	
11	1125	-1	155	79	0	
11	1125	-1	79	80	0	
11	1125	-1	80	81	0	
11	1125	-1	81	82	0	
11	1125	-1	82	83	0	
11	1125	-1	83	84	0	
11	1125	-1	84	85	0	
11	1125	-1	85	86	0	
11	1125	-1	86	157	0	
11	1125	-1	157	87	0	
11	1125	-1	87	88	0	
11	1125	-1	88	89	0	
11	1125	-1	89	90	0	
11	1125	-1	90	91	0	
11	1125	-1	91	92	0	
11	1125	-1	92	93	0	
11	1125	-1	93	94	0	
11	1125	-1	94	95	0	
11	1125	-1	95	96	0	
11	1125	-1	96	97	0	
11	1126	-1	78	155	0	
11	1126	-1	155	79	0	
11	1126	-1	79	80	0	
11	1126	-1	80	81	0	
11	1126	-1	81	82	0	
11	1126	-1	82	83	0	
11	1126	-1	83	84	0	
11	1126	-1	84	85	0	
11	1126	-1	85	86	0	
11	1126	-1	86	157	0	
11	1126	-1	157	87	0	
11	1126	-1	87	88	0	
11	1126	-1	88	89	0	
11	1126	-1	89	90	0	
11	1126	-1	90	91	0	
11	1126	-1	91	92	0	
11	1126	-1	92	93	0	
11	1126	-1	93	94	0	
11	1126	-1	94	95	0	
11	1126	-1	95	96	0	
11	1126	-1	96	97	0	
11	1127	-1	78	155	0	
11	1127	-1	155	79	0	
11	1127	-1	79	80	0	
11	1127	-1	80	81	0	
11	1127	-1	81	82	0	
11	1127	-1	82	83	0	
11	1127	-1	83	84	0	
11	1127	-1	84	85	0	
11	1127	-1	85	86	0	
11	1127	-1	86	157	0	
11	1127	-1	157	87	0	
11	1127	-1	87	88	0	
11	1127	-1	88	89	0	
11	1127	-1	89	90	0	
11	1127	-1	90	91	0	
11	1127	-1	91	92	0	
11	1127	-1	92	93	0	
11	1127	-1	93	94	0	
11	1127	-1	94	95	0	
11	1127	-1	95	96	0	
11	1127	-1	96	97	0	
11	1128	-1	78	155	0	
11	1128	-1	155	79	0	
11	1128	-1	79	80	0	
11	1128	-1	80	81	0	
11	1128	-1	81	82	0	
11	1128	-1	82	83	0	
11	1128	-1	83	84	0	
11	1128	-1	84	85	0	
11	1128	-1	85	86	0	
11	1128	-1	86	157	0	
11	1128	-1	157	87	0	
11	1128	-1	87	88	0	
11	1128	-1	88	89	0	
11	1128	-1	89	90	0	
11	1128	-1	90	91	0	
11	1128	-1	91	92	0	
11	1128	-1	92	93	0	
11	1128	-1	93	94	0	
11	1128	-1	94	95	0	
11	1128	-1	95	96	0	
11	1128	-1	96	97	0	
11	1129	-1	78	155	0	
11	1129	-1	155	79	0	
11	1129	-1	79	80	0	
11	1129	-1	80	81	0	
11	1129	-1	81	82	0	
11	1129	-1	82	83	0	
11	1129	-1	83	84	0	
11	1129	-1	84	85	0	
11	1129	-1	85	86	0	
11	1129	-1	86	157	0	
11	1129	-1	157	87	0	
11	1129	-1	87	88	0	
11	1129	-1	88	89	0	
11	1129	-1	89	90	0	
11	1129	-1	90	91	0	
11	1129	-1	91	92	0	
11	1129	-1	92	93	0	
11	1129	-1	93	94	0	
11	1129	-1	94	95	0	
11	1129	-1	95	96	0	
11	1129	-1	96	97	0	
11	1130	-1	78	155	0	
11	1130	-1	155	79	0	
11	1130	-1	79	80	0	
11	1130	-1	80	81	0	
11	1130	-1	81	82	0	
11	1130	-1	82	83	0	
11	1130	-1	83	84	0	
11	1130	-1	84	85	0	
11	1130	-1	85	86	0	
11	1130	-1	86	157	0	
11	1130	-1	157	87	0	
11	1130	-1	87	88	0	
11	1130	-1	88	89	0	
11	1130	-1	89	90	0	
11	1130	-1	90	91	0	
11	1130	-1	91	92	0	
11	1130	-1	92	93	0	
11	1130	-1	93	94	0	
11	1130	-1	94	95	0	
11	1130	-1	95	96	0	
11	1130	-1	96	97	0	
11	1131	-1	78	155	0	
11	1131	-1	155	79	0	
11	1131	-1	79	80	0	
11	1131	-1	80	81	0	
11	1131	-1	81	82	0	
11	1131	-1	82	83	0	
11	1131	-1	83	84	0	
11	1131	-1	84	85	0	
11	1131	-1	85	86	0	
11	1131	-1	86	157	0	
11	1131	-1	157	87	0	
11	1131	-1	87	88	0	
11	1131	-1	88	89	0	
11	1131	-1	89	90	0	
11	1131	-1	90	91	0	
11	1131	-1	91	92	0	
11	1131	-1	92	93	0	
11	1131	-1	93	94	0	
11	1131	-1	94	95	0	
11	1131	-1	95	96	0	
11	1131	-1	96	97	0	
11	1132	-1	78	155	0	
11	1132	-1	155	79	0	
11	1132	-1	79	80	0	
11	1132	-1	80	81	0	
11	1132	-1	81	82	0	
11	1132	-1	82	83	0	
11	1132	-1	83	84	0	
11	1132	-1	84	85	0	
11	1132	-1	85	86	0	
11	1132	-1	86	157	0	
11	1132	-1	157	87	0	
11	1132	-1	87	88	0	
11	1132	-1	88	89	0	
11	1132	-1	89	90	0	
11	1132	-1	90	91	0	
11	1132	-1	91	92	0	
11	1132	-1	92	93	0	
11	1132	-1	93	94	0	
11	1132	-1	94	95	0	
11	1132	-1	95	96	0	
11	1132	-1	96	97	0	
11	1133	-1	78	155	0	
11	1133	-1	155	79	0	
11	1133	-1	79	80	0	
11	1133	-1	80	81	0	
11	1133	-1	81	82	0	
11	1133	-1	82	83	0	
11	1133	-1	83	84	0	
11	1133	-1	84	85	0	
11	1133	-1	85	86	0	
11	1133	-1	86	157	0	
11	1133	-1	157	87	0	
11	1133	-1	87	88	0	
11	1133	-1	88	89	0	
11	1133	-1	89	90	0	
11	1133	-1	90	91	0	
11	1133	-1	91	92	0	
11	1133	-1	92	93	0	
11	1133	-1	93	94	0	
11	1133	-1	94	95	0	
11	1133	-1	95	96	0	
11	1133	-1	96	97	0	
11	1134	-1	78	155	0	
11	1134	-1	155	79	0	
11	1134	-1	79	80	0	
11	1134	-1	80	81	0	
11	1134	-1	81	82	0	
11	1134	-1	82	83	0	
11	1134	-1	83	84	0	
11	1134	-1	84	85	0	
11	1134	-1	85	86	0	
11	1134	-1	86	157	0	
11	1134	-1	157	87	0	
11	1134	-1	87	88	0	
11	1134	-1	88	89	0	
11	1134	-1	89	90	0	
11	1134	-1	90	91	0	
11	1134	-1	91	92	0	
11	1134	-1	92	93	0	
11	1134	-1	93	94	0	
11	1134	-1	94	95	0	
11	1134	-1	95	96	0	
11	1134	-1	96	97	0	
11	1135	-1	78	155	0	
11	1135	-1	155	79	0	
11	1135	-1	79	80	0	
11	1135	-1	80	81	0	
11	1135	-1	81	82	0	
11	1135	-1	82	83	0	
11	1135	-1	83	84	0	
11	1135	-1	84	85	0	
11	1135	-1	85	86	0	
11	1135	-1	86	157	0	
11	1135	-1	157	87	0	
11	1135	-1	87	88	0	
11	1135	-1	88	89	0	
11	1135	-1	89	90	0	
11	1135	-1	90	91	0	
11	1135	-1	91	92	0	
11	1135	-1	92	93	0	
11	1135	-1	93	94	0	
11	1135	-1	94	95	0	
11	1135	-1	95	96	0	
11	1135	-1	96	97	0	
11	1136	-1	78	155	0	
11	1136	-1	155	79	0	
11	1136	-1	79	80	0	
11	1136	-1	80	81	0	
11	1136	-1	81	82	0	
11	1136	-1	82	83	0	
11	1136	-1	83	84	0	
11	1136	-1	84	85	0	
11	1136	-1	85	86	0	
11	1136	-1	86	157	0	
11	1136	-1	157	87	0	
11	1136	-1	87	88	0	
11	1136	-1	88	89	0	
11	1136	-1	89	90	0	
11	1136	-1	90	91	0	
11	1136	-1	91	92	0	
11	1136	-1	92	93	0	
11	1136	-1	93	94	0	
11	1136	-1	94	95	0	
11	1136	-1	95	96	0	
11	1136	-1	96	97	0	
11	1137	-1	78	155	0	
11	1137	-1	155	79	0	
11	1137	-1	79	80	0	
11	1137	-1	80	81	0	
11	1137	-1	81	82	0	
11	1137	-1	82	83	0	
11	1137	-1	83	84	0	
11	1137	-1	84	85	0	
11	1137	-1	85	86	0	
11	1137	-1	86	157	0	
11	1137	-1	157	87	0	
11	1137	-1	87	88	0	
11	1137	-1	88	89	0	
11	1137	-1	89	90	0	
11	1137	-1	90	91	0	
11	1137	-1	91	92	0	
11	1137	-1	92	93	0	
11	1137	-1	93	94	0	
11	1137	-1	94	95	0	
11	1137	-1	95	96	0	
11	1137	-1	96	97	0	
11	1138	-1	78	155	0	
11	1138	-1	155	79	0	
11	1138	-1	79	80	0	
11	1138	-1	80	81	0	
11	1138	-1	81	82	0	
11	1138	-1	82	83	0	
11	1138	-1	83	84	0	
11	1138	-1	84	85	0	
11	1138	-1	85	86	0	
11	1138	-1	86	157	0	
11	1138	-1	157	87	0	
11	1138	-1	87	88	0	
11	1138	-1	88	89	0	
11	1138	-1	89	90	0	
11	1138	-1	90	91	0	
11	1138	-1	91	92	0	
11	1138	-1	92	93	0	
11	1138	-1	93	94	0	
11	1138	-1	94	95	0	
11	1138	-1	95	96	0	
11	1138	-1	96	97	0	
11	1139	-1	78	155	0	
11	1139	-1	155	79	0	
11	1139	-1	79	80	0	
11	1139	-1	80	81	0	
11	1139	-1	81	82	0	
11	1139	-1	82	83	0	
11	1139	-1	83	84	0	
11	1139	-1	84	85	0	
11	1139	-1	85	86	0	
11	1139	-1	86	157	0	
11	1139	-1	157	87	0	
11	1139	-1	87	88	0	
11	1139	-1	88	89	0	
11	1139	-1	89	90	0	
11	1139	-1	90	91	0	
11	1139	-1	91	92	0	
11	1139	-1	92	93	0	
11	1139	-1	93	94	0	
11	1139	-1	94	95	0	
11	1139	-1	95	96	0	
11	1139	-1	96	97	0	
11	1140	-1	78	155	0	
11	1140	-1	155	79	0	
11	1140	-1	79	80	0	
11	1140	-1	80	81	0	
11	1140	-1	81	82	0	
11	1140	-1	82	83	0	
11	1140	-1	83	84	0	
11	1140	-1	84	85	0	
11	1140	-1	85	86	0	
11	1140	-1	86	157	0	
11	1140	-1	157	87	0	
11	1140	-1	87	88	0	
11	1140	-1	88	89	0	
11	1140	-1	89	90	0	
11	1140	-1	90	91	0	
11	1140	-1	91	92	0	
11	1140	-1	92	93	0	
11	1140	-1	93	94	0	
11	1140	-1	94	95	0	
11	1140	-1	95	96	0	
11	1140	-1	96	97	0	
11	1141	-1	78	155	0	
11	1141	-1	155	79	0	
11	1141	-1	79	80	0	
11	1141	-1	80	81	0	
11	1141	-1	81	82	0	
11	1141	-1	82	83	0	
11	1141	-1	83	84	0	
11	1141	-1	84	85	0	
11	1141	-1	85	86	0	
11	1141	-1	86	157	0	
11	1141	-1	157	87	0	
11	1141	-1	87	88	0	
11	1141	-1	88	89	0	
11	1141	-1	89	90	0	
11	1141	-1	90	91	0	
11	1141	-1	91	92	0	
11	1141	-1	92	93	0	
11	1141	-1	93	94	0	
11	1141	-1	94	95	0	
11	1141	-1	95	96	0	
11	1141	-1	96	97	0	
11	1142	-1	78	155	0	
11	1142	-1	155	79	0	
11	1142	-1	79	80	0	
11	1142	-1	80	81	0	
11	1142	-1	81	82	0	
11	1142	-1	82	83	0	
11	1142	-1	83	84	0	
11	1142	-1	84	85	0	
11	1142	-1	85	86	0	
11	1142	-1	86	157	0	
11	1142	-1	157	87	0	
11	1142	-1	87	88	0	
11	1142	-1	88	89	0	
11	1142	-1	89	90	0	
11	1142	-1	90	91	0	
11	1142	-1	91	92	0	
11	1142	-1	92	93	0	
11	1142	-1	93	94	0	
11	1142	-1	94	95	0	
11	1142	-1	95	96	0	
11	1142	-1	96	97	0	
11	1143	-1	78	155	0	
11	1143	-1	155	79	0	
11	1143	-1	79	80	0	
11	1143	-1	80	81	0	
11	1143	-1	81	82	0	
11	1143	-1	82	83	0	
11	1143	-1	83	84	0	
11	1143	-1	84	85	0	
11	1143	-1	85	86	0	
11	1143	-1	86	157	0	
11	1143	-1	157	87	0	
11	1143	-1	87	88	0	
11	1143	-1	88	89	0	
11	1143	-1	89	90	0	
11	1143	-1	90	91	0	
11	1143	-1	91	92	0	
11	1143	-1	92	93	0	
11	1143	-1	93	94	0	
11	1143	-1	94	95	0	
11	1143	-1	95	96	0	
11	1143	-1	96	97	0	
11	1144	-1	78	155	0	
11	1144	-1	155	79	0	
11	1144	-1	79	80	0	
11	1144	-1	80	81	0	
11	1144	-1	81	82	0	
11	1144	-1	82	83	0	
11	1144	-1	83	84	0	
11	1144	-1	84	85	0	
11	1144	-1	85	86	0	
11	1144	-1	86	157	0	
11	1144	-1	157	87	0	
11	1144	-1	87	88	0	
11	1144	-1	88	89	0	
11	1144	-1	89	90	0	
11	1144	-1	90	91	0	
11	1144	-1	91	92	0	
11	1144	-1	92	93	0	
11	1144	-1	93	94	0	
11	1144	-1	94	95	0	
11	1144	-1	95	96	0	
11	1144	-1	96	97	0	
11	1145	-1	78	155	0	
11	1145	-1	155	79	0	
11	1145	-1	79	80	0	
11	1145	-1	80	81	0	
11	1145	-1	81	82	0	
11	1145	-1	82	83	0	
11	1145	-1	83	84	0	
11	1145	-1	84	85	0	
11	1145	-1	85	86	0	
11	1145	-1	86	157	0	
11	1145	-1	157	87	0	
11	1145	-1	87	88	0	
11	1145	-1	88	89	0	
11	1145	-1	89	90	0	
11	1145	-1	90	91	0	
11	1145	-1	91	92	0	
11	1145	-1	92	93	0	
11	1145	-1	93	94	0	
11	1145	-1	94	95	0	
11	1145	-1	95	96	0	
11	1145	-1	96	97	0	
11	1146	-1	78	155	0	
11	1146	-1	155	79	0	
11	1146	-1	79	80	0	
11	1146	-1	80	81	0	
11	1146	-1	81	82	0	
11	1146	-1	82	83	0	
11	1146	-1	83	84	0	
11	1146	-1	84	85	0	
11	1146	-1	85	86	0	
11	1146	-1	86	157	0	
11	1146	-1	157	87	0	
11	1146	-1	87	88	0	
11	1146	-1	88	89	0	
11	1146	-1	89	90	0	
11	1146	-1	90	91	0	
11	1146	-1	91	92	0	
11	1146	-1	92	93	0	
11	1146	-1	93	94	0	
11	1146	-1	94	95	0	
11	1146	-1	95	96	0	
11	1146	-1	96	97	0	
11	1147	-1	78	155	0	
11	1147	-1	155	79	0	
11	1147	-1	79	80	0	
11	1147	-1	80	81	0	
11	1147	-1	81	82	0	
11	1147	-1	82	83	0	
11	1147	-1	83	84	0	
11	1147	-1	84	85	0	
11	1147	-1	85	86	0	
11	1147	-1	86	157	0	
11	1147	-1	157	87	0	
11	1147	-1	87	88	0	
11	1147	-1	88	89	0	
11	1147	-1	89	90	0	
11	1147	-1	90	91	0	
11	1147	-1	91	92	0	
11	1147	-1	92	93	0	
11	1147	-1	93	94	0	
11	1147	-1	94	95	0	
11	1147	-1	95	96	0	
11	1147	-1	96	97	0	
11	1148	-1	78	155	0	
11	1148	-1	155	79	0	
11	1148	-1	79	80	0	
11	1148	-1	80	81	0	
11	1148	-1	81	82	0	
11	1148	-1	82	83	0	
11	1148	-1	83	84	0	
11	1148	-1	84	85	0	
11	1148	-1	85	86	0	
11	1148	-1	86	157	0	
11	1148	-1	157	87	0	
11	1148	-1	87	88	0	
11	1148	-1	88	89	0	
11	1148	-1	89	90	0	
11	1148	-1	90	91	0	
11	1148	-1	91	92	0	
11	1148	-1	92	93	0	
11	1148	-1	93	94	0	
11	1148	-1	94	95	0	
11	1148	-1	95	96	0	
11	1148	-1	96	97	0	
11	1149	-1	78	155	0	
11	1149	-1	155	79	0	
11	1149	-1	79	80	0	
11	1149	-1	80	81	0	
11	1149	-1	81	82	0	
11	1149	-1	82	83	0	
11	1149	-1	83	84	0	
11	1149	-1	84	85	0	
11	1149	-1	85	86	0	
11	1149	-1	86	157	0	
11	1149	-1	157	87	0	
11	1149	-1	87	88	0	
11	1149	-1	88	89	0	
11	1149	-1	89	90	0	
11	1149	-1	90	91	0	
11	1149	-1	91	92	0	
11	1149	-1	92	93	0	
11	1149	-1	93	94	0	
11	1149	-1	94	95	0	
11	1149	-1	95	96	0	
11	1149	-1	96	97	0	
11	1150	-1	78	155	0	
11	1150	-1	155	79	0	
11	1150	-1	79	80	0	
11	1150	-1	80	81	0	
11	1150	-1	81	82	0	
11	1150	-1	82	83	0	
11	1150	-1	83	84	0	
11	1150	-1	84	85	0	
11	1150	-1	85	86	0	
11	1150	-1	86	157	0	
11	1150	-1	157	87	0	
11	1150	-1	87	88	0	
11	1150	-1	88	89	0	
11	1150	-1	89	90	0	
11	1150	-1	90	91	0	
11	1150	-1	91	92	0	
11	1150	-1	92	93	0	
11	1150	-1	93	94	0	
11	1150	-1	94	95	0	
11	1150	-1	95	96	0	
11	1150	-1	96	97	0	
11	1151	-1	78	155	0	
11	1151	-1	155	79	0	
11	1151	-1	79	80	0	
11	1151	-1	80	81	0	
11	1151	-1	81	82	0	
11	1151	-1	82	83	0	
11	1151	-1	83	84	0	
11	1151	-1	84	85	0	
11	1151	-1	85	86	0	
11	1151	-1	86	157	0	
11	1151	-1	157	87	0	
11	1151	-1	87	88	0	
11	1151	-1	88	89	0	
11	1151	-1	89	90	0	
11	1151	-1	90	91	0	
11	1151	-1	91	92	0	
11	1151	-1	92	93	0	
11	1151	-1	93	94	0	
11	1151	-1	94	95	0	
11	1151	-1	95	96	0	
11	1151	-1	96	97	0	
11	1152	-1	78	155	0	
11	1152	-1	155	79	0	
11	1152	-1	79	80	0	
11	1152	-1	80	81	0	
11	1152	-1	81	82	0	
11	1152	-1	82	83	0	
11	1152	-1	83	84	0	
11	1152	-1	84	85	0	
11	1152	-1	85	86	0	
11	1152	-1	86	157	0	
11	1152	-1	157	87	0	
11	1152	-1	87	88	0	
11	1152	-1	88	89	0	
11	1152	-1	89	90	0	
11	1152	-1	90	91	0	
11	1152	-1	91	92	0	
11	1152	-1	92	93	0	
11	1152	-1	93	94	0	
11	1152	-1	94	95	0	
11	1152	-1	95	96	0	
11	1152	-1	96	97	0	
11	1153	-1	78	155	0	
11	1153	-1	155	79	0	
11	1153	-1	79	80	0	
11	1153	-1	80	81	0	
11	1153	-1	81	82	0	
11	1153	-1	82	83	0	
11	1153	-1	83	84	0	
11	1153	-1	84	85	0	
11	1153	-1	85	86	0	
11	1153	-1	86	157	0	
11	1153	-1	157	87	0	
11	1153	-1	87	88	0	
11	1153	-1	88	89	0	
11	1153	-1	89	90	0	
11	1153	-1	90	91	0	
11	1153	-1	91	92	0	
11	1153	-1	92	93	0	
11	1153	-1	93	94	0	
11	1153	-1	94	95	0	
11	1153	-1	95	96	0	
11	1153	-1	96	97	0	
11	1154	-1	78	155	0	
11	1154	-1	155	79	0	
11	1154	-1	79	80	0	
11	1154	-1	80	81	0	
11	1154	-1	81	82	0	
11	1154	-1	82	83	0	
11	1154	-1	83	84	0	
11	1154	-1	84	85	0	
11	1154	-1	85	86	0	
11	1154	-1	86	157	0	
11	1154	-1	157	87	0	
11	1154	-1	87	88	0	
11	1154	-1	88	89	0	
11	1154	-1	89	90	0	
11	1154	-1	90	91	0	
11	1154	-1	91	92	0	
11	1154	-1	92	93	0	
11	1154	-1	93	94	0	
11	1154	-1	94	95	0	
11	1154	-1	95	96	0	
11	1154	-1	96	97	0	
11	1155	-1	78	155	0	
11	1155	-1	155	79	0	
11	1155	-1	79	80	0	
11	1155	-1	80	81	0	
11	1155	-1	81	82	0	
11	1155	-1	82	83	0	
11	1155	-1	83	84	0	
11	1155	-1	84	85	0	
11	1155	-1	85	86	0	
11	1155	-1	86	157	0	
11	1155	-1	157	87	0	
11	1155	-1	87	88	0	
11	1155	-1	88	89	0	
11	1155	-1	89	90	0	
11	1155	-1	90	91	0	
11	1155	-1	91	92	0	
11	1155	-1	92	93	0	
11	1155	-1	93	94	0	
11	1155	-1	94	95	0	
11	1155	-1	95	96	0	
11	1155	-1	96	97	0	
11	1156	-1	78	155	0	
11	1156	-1	155	79	0	
11	1156	-1	79	80	0	
11	1156	-1	80	81	0	
11	1156	-1	81	82	0	
11	1156	-1	82	83	0	
11	1156	-1	83	84	0	
11	1156	-1	84	85	0	
11	1156	-1	85	86	0	
11	1156	-1	86	157	0	
11	1156	-1	157	87	0	
11	1156	-1	87	88	0	
11	1156	-1	88	89	0	
11	1156	-1	89	90	0	
11	1156	-1	90	91	0	
11	1156	-1	91	92	0	
11	1156	-1	92	93	0	
11	1156	-1	93	94	0	
11	1156	-1	94	95	0	
11	1156	-1	95	96	0	
11	1156	-1	96	97	0	
11	1157	-1	78	155	0	
11	1157	-1	155	79	0	
11	1157	-1	79	80	0	
11	1157	-1	80	81	0	
11	1157	-1	81	82	0	
11	1157	-1	82	83	0	
11	1157	-1	83	84	0	
11	1157	-1	84	85	0	
11	1157	-1	85	86	0	
11	1157	-1	86	157	0	
11	1157	-1	157	87	0	
11	1157	-1	87	88	0	
11	1157	-1	88	89	0	
11	1157	-1	89	90	0	
11	1157	-1	90	91	0	
11	1157	-1	91	92	0	
11	1157	-1	92	93	0	
11	1157	-1	93	94	0	
11	1157	-1	94	95	0	
11	1157	-1	95	96	0	
11	1157	-1	96	97	0	
11	1158	-1	78	155	0	
11	1158	-1	155	79	0	
11	1158	-1	79	80	0	
11	1158	-1	80	81	0	
11	1158	-1	81	82	0	
11	1158	-1	82	83	0	
11	1158	-1	83	84	0	
11	1158	-1	84	85	0	
11	1158	-1	85	86	0	
11	1158	-1	86	157	0	
11	1158	-1	157	87	0	
11	1158	-1	87	88	0	
11	1158	-1	88	89	0	
11	1158	-1	89	90	0	
11	1158	-1	90	91	0	
11	1158	-1	91	92	0	
11	1158	-1	92	93	0	
11	1158	-1	93	94	0	
11	1158	-1	94	95	0	
11	1158	-1	95	96	0	
11	1158	-1	96	97	0	
11	1159	-1	78	155	0	
11	1159	-1	155	79	0	
11	1159	-1	79	80	0	
11	1159	-1	80	81	0	
11	1159	-1	81	82	0	
11	1159	-1	82	83	0	
11	1159	-1	83	84	0	
11	1159	-1	84	85	0	
11	1159	-1	85	86	0	
11	1159	-1	86	157	0	
11	1159	-1	157	87	0	
11	1159	-1	87	88	0	
11	1159	-1	88	89	0	
11	1159	-1	89	90	0	
11	1159	-1	90	91	0	
11	1159	-1	91	92	0	
11	1159	-1	92	93	0	
11	1159	-1	93	94	0	
11	1159	-1	94	95	0	
11	1159	-1	95	96	0	
11	1159	-1	96	97	0	
11	1160	-1	78	155	0	
11	1160	-1	155	79	0	
11	1160	-1	79	80	0	
11	1160	-1	80	81	0	
11	1160	-1	81	82	0	
11	1160	-1	82	83	0	
11	1160	-1	83	84	0	
11	1160	-1	84	85	0	
11	1160	-1	85	86	0	
11	1160	-1	86	157	0	
11	1160	-1	157	87	0	
11	1160	-1	87	88	0	
11	1160	-1	88	89	0	
11	1160	-1	89	90	0	
11	1160	-1	90	91	0	
11	1160	-1	91	92	0	
11	1160	-1	92	93	0	
11	1160	-1	93	94	0	
11	1160	-1	94	95	0	
11	1160	-1	95	96	0	
11	1160	-1	96	97	0	
22	2201	-1	88	89	0	
22	2201	-1	89	90	0	
22	2201	-1	90	91	0	
22	2201	-1	91	92	0	
22	2201	-1	92	93	0	
22	2201	-1	93	94	0	
22	2201	-1	94	95	0	
22	2201	-1	95	96	0	
22	2201	-1	96	97	0	
22	2202	-1	88	89	0	
22	2202	-1	89	90	0	
22	2202	-1	90	91	0	
22	2202	-1	91	92	0	
22	2202	-1	92	93	0	
22	2202	-1	93	94	0	
22	2202	-1	94	95	0	
22	2202	-1	95	96	0	
22	2202	-1	96	97	0	
22	2203	-1	88	89	0	
22	2203	-1	89	90	0	
22	2203	-1	90	91	0	
22	2203	-1	91	92	0	
22	2203	-1	92	93	0	
22	2203	-1	93	94	0	
22	2203	-1	94	95	0	
22	2203	-1	95	96	0	
22	2203	-1	96	97	0	
22	2204	-1	88	89	0	
22	2204	-1	89	90	0	
22	2204	-1	90	91	0	
22	2204	-1	91	92	0	
22	2204	-1	92	93	0	
22	2204	-1	93	94	0	
22	2204	-1	94	95	0	
22	2204	-1	95	96	0	
22	2204	-1	96	97	0	
22	2205	-1	88	89	0	
22	2205	-1	89	90	0	
22	2205	-1	90	91	0	
22	2205	-1	91	92	0	
22	2205	-1	92	93	0	
22	2205	-1	93	94	0	
22	2205	-1	94	95	0	
22	2205	-1	95	96	0	
22	2205	-1	96	97	0	
22	2206	-1	88	89	0	
22	2206	-1	89	90	0	
22	2206	-1	90	91	0	
22	2206	-1	91	92	0	
22	2206	-1	92	93	0	
22	2206	-1	93	94	0	
22	2206	-1	94	95	0	
22	2206	-1	95	96	0	
22	2206	-1	96	97	0	
22	2207	-1	88	89	0	
22	2207	-1	89	90	0	
22	2207	-1	90	91	0	
22	2207	-1	91	92	0	
22	2207	-1	92	93	0	
22	2207	-1	93	94	0	
22	2207	-1	94	95	0	
22	2207	-1	95	96	0	
22	2207	-1	96	97	0	
22	2208	-1	88	89	0	
22	2208	-1	89	90	0	
22	2208	-1	90	91	0	
22	2208	-1	91	92	0	
22	2208	-1	92	93	0	
22	2208	-1	93	94	0	
22	2208	-1	94	95	0	
22	2208	-1	95	96	0	
22	2208	-1	96	97	0	
22	2209	-1	88	89	0	
22	2209	-1	89	90	0	
22	2209	-1	90	91	0	
22	2209	-1	91	92	0	
22	2209	-1	92	93	0	
22	2209	-1	93	94	0	
22	2209	-1	94	95	0	
22	2209	-1	95	96	0	
22	2209	-1	96	97	0	
22	2210	-1	88	89	0	
22	2210	-1	89	90	0	
22	2210	-1	90	91	0	
22	2210	-1	91	92	0	
22	2210	-1	92	93	0	
22	2210	-1	93	94	0	
22	2210	-1	94	95	0	
22	2210	-1	95	96	0	
22	2210	-1	96	97	0	
22	2211	-1	88	89	0	
22	2211	-1	89	90	0	
22	2211	-1	90	91	0	
22	2211	-1	91	92	0	
22	2211	-1	92	93	0	
22	2211	-1	93	94	0	
22	2211	-1	94	95	0	
22	2211	-1	95	96	0	
22	2211	-1	96	97	0	
22	2212	-1	88	89	0	
22	2212	-1	89	90	0	
22	2212	-1	90	91	0	
22	2212	-1	91	92	0	
22	2212	-1	92	93	0	
22	2212	-1	93	94	0	
22	2212	-1	94	95	0	
22	2212	-1	95	96	0	
22	2212	-1	96	97	0	
22	2213	-1	88	89	0	
22	2213	-1	89	90	0	
22	2213	-1	90	91	0	
22	2213	-1	91	92	0	
22	2213	-1	92	93	0	
22	2213	-1	93	94	0	
22	2213	-1	94	95	0	
22	2213	-1	95	96	0	
22	2213	-1	96	97	0	
22	2214	-1	88	89	0	
22	2214	-1	89	90	0	
22	2214	-1	90	91	0	
22	2214	-1	91	92	0	
22	2214	-1	92	93	0	
22	2214	-1	93	94	0	
22	2214	-1	94	95	0	
22	2214	-1	95	96	0	
22	2214	-1	96	97	0	
22	2215	-1	88	89	0	
22	2215	-1	89	90	0	
22	2215	-1	90	91	0	
22	2215	-1	91	92	0	
22	2215	-1	92	93	0	
22	2215	-1	93	94	0	
22	2215	-1	94	95	0	
22	2215	-1	95	96	0	
22	2215	-1	96	97	0	
22	2216	-1	88	89	0	
22	2216	-1	89	90	0	
22	2216	-1	90	91	0	
22	2216	-1	91	92	0	
22	2216	-1	92	93	0	
22	2216	-1	93	94	0	
22	2216	-1	94	95	0	
22	2216	-1	95	96	0	
22	2216	-1	96	97	0	
22	2217	-1	88	89	0	
22	2217	-1	89	90	0	
22	2217	-1	90	91	0	
22	2217	-1	91	92	0	
22	2217	-1	92	93	0	
22	2217	-1	93	94	0	
22	2217	-1	94	95	0	
22	2217	-1	95	96	0	
22	2217	-1	96	97	0	
22	2218	-1	88	89	0	
22	2218	-1	89	90	0	
22	2218	-1	90	91	0	
22	2218	-1	91	92	0	
22	2218	-1	92	93	0	
22	2218	-1	93	94	0	
22	2218	-1	94	95	0	
22	2218	-1	95	96	0	
22	2218	-1	96	97	0	
22	2219	-1	88	89	0	
22	2219	-1	89	90	0	
22	2219	-1	90	91	0	
22	2219	-1	91	92	0	
22	2219	-1	92	93	0	
22	2219	-1	93	94	0	
22	2219	-1	94	95	0	
22	2219	-1	95	96	0	
22	2219	-1	96	97	0	
22	2220	-1	88	89	0	
22	2220	-1	89	90	0	
22	2220	-1	90	91	0	
22	2220	-1	91	92	0	
22	2220	-1	92	93	0	
22	2220	-1	93	94	0	
22	2220	-1	94	95	0	
22	2220	-1	95	96	0	
22	2220	-1	96	97	0	
22	2221	-1	88	89	0	
22	2221	-1	89	90	0	
22	2221	-1	90	91	0	
22	2221	-1	91	92	0	
22	2221	-1	92	93	0	
22	2221	-1	93	94	0	
22	2221	-1	94	95	0	
22	2221	-1	95	96	0	
22	2221	-1	96	97	0	
22	2222	-1	88	89	0	
22	2222	-1	89	90	0	
22	2222	-1	90	91	0	
22	2222	-1	91	92	0	
22	2222	-1	92	93	0	
22	2222	-1	93	94	0	
22	2222	-1	94	95	0	
22	2222	-1	95	96	0	
22	2222	-1	96	97	0	
22	2223	-1	88	89	0	
22	2223	-1	89	90	0	
22	2223	-1	90	91	0	
22	2223	-1	91	92	0	
22	2223	-1	92	93	0	
22	2223	-1	93	94	0	
22	2223	-1	94	95	0	
22	2223	-1	95	96	0	
22	2223	-1	96	97	0	
22	2224	-1	88	89	0	
22	2224	-1	89	90	0	
22	2224	-1	90	91	0	
22	2224	-1	91	92	0	
22	2224	-1	92	93	0	
22	2224	-1	93	94	0	
22	2224	-1	94	95	0	
22	2224	-1	95	96	0	
22	2224	-1	96	97	0	
22	2225	-1	88	89	0	
22	2225	-1	89	90	0	
22	2225	-1	90	91	0	
22	2225	-1	91	92	0	
22	2225	-1	92	93	0	
22	2225	-1	93	94	0	
22	2225	-1	94	95	0	
22	2225	-1	95	96	0	
22	2225	-1	96	97	0	
22	2226	-1	88	89	0	
22	2226	-1	89	90	0	
22	2226	-1	90	91	0	
22	2226	-1	91	92	0	
22	2226	-1	92	93	0	
22	2226	-1	93	94	0	
22	2226	-1	94	95	0	
22	2226	-1	95	96	0	
22	2226	-1	96	97	0	
22	2227	-1	88	89	0	
22	2227	-1	89	90	0	
22	2227	-1	90	91	0	
22	2227	-1	91	92	0	
22	2227	-1	92	93	0	
22	2227	-1	93	94	0	
22	2227	-1	94	95	0	
22	2227	-1	95	96	0	
22	2227	-1	96	97	0	
22	2228	-1	88	89	0	
22	2228	-1	89	90	0	
22	2228	-1	90	91	0	
22	2228	-1	91	92	0	
22	2228	-1	92	93	0	
22	2228	-1	93	94	0	
22	2228	-1	94	95	0	
22	2228	-1	95	96	0	
22	2228	-1	96	97	0	
22	2229	-1	88	89	0	
22	2229	-1	89	90	0	
22	2229	-1	90	91	0	
22	2229	-1	91	92	0	
22	2229	-1	92	93	0	
22	2229	-1	93	94	0	
22	2229	-1	94	95	0	
22	2229	-1	95	96	0	
22	2229	-1	96	97	0	
22	2230	-1	88	89	0	
22	2230	-1	89	90	0	
22	2230	-1	90	91	0	
22	2230	-1	91	92	0	
22	2230	-1	92	93	0	
22	2230	-1	93	94	0	
22	2230	-1	94	95	0	
22	2230	-1	95	96	0	
22	2230	-1	96	97	0	
22	2231	-1	88	89	0	
22	2231	-1	89	90	0	
22	2231	-1	90	91	0	
22	2231	-1	91	92	0	
22	2231	-1	92	93	0	
22	2231	-1	93	94	0	
22	2231	-1	94	95	0	
22	2231	-1	95	96	0	
22	2231	-1	96	97	0	
22	2232	-1	88	89	0	
22	2232	-1	89	90	0	
22	2232	-1	90	91	0	
22	2232	-1	91	92	0	
22	2232	-1	92	93	0	
22	2232	-1	93	94	0	
22	2232	-1	94	95	0	
22	2232	-1	95	96	0	
22	2232	-1	96	97	0	
22	2233	-1	88	89	0	
22	2233	-1	89	90	0	
22	2233	-1	90	91	0	
22	2233	-1	91	92	0	
22	2233	-1	92	93	0	
22	2233	-1	93	94	0	
22	2233	-1	94	95	0	
22	2233	-1	95	96	0	
22	2233	-1	96	97	0	
22	2234	-1	88	89	0	
22	2234	-1	89	90	0	
22	2234	-1	90	91	0	
22	2234	-1	91	92	0	
22	2234	-1	92	93	0	
22	2234	-1	93	94	0	
22	2234	-1	94	95	0	
22	2234	-1	95	96	0	
22	2234	-1	96	97	0	
22	2235	-1	88	89	0	
22	2235	-1	89	90	0	
22	2235	-1	90	91	0	
22	2235	-1	91	92	0	
22	2235	-1	92	93	0	
22	2235	-1	93	94	0	
22	2235	-1	94	95	0	
22	2235	-1	95	96	0	
22	2235	-1	96	97	0	
22	2236	-1	88	89	0	
22	2236	-1	89	90	0	
22	2236	-1	90	91	0	
22	2236	-1	91	92	0	
22	2236	-1	92	93	0	
22	2236	-1	93	94	0	
22	2236	-1	94	95	0	
22	2236	-1	95	96	0	
22	2236	-1	96	97	0	
33	3301	-1	117	118	0	
33	3301	-1	118	119	0	
33	3301	-1	119	120	0	
33	3301	-1	120	121	0	
33	3301	-1	121	122	0	
33	3301	-1	122	100	0	
33	3301	-1	100	101	0	
33	3301	-1	101	102	0	
33	3301	-1	102	103	0	
33	3301	-1	103	104	0	
33	3301	-1	104	105	0	
33	3301	-1	105	123	0	
33	3302	-1	117	118	0	
33	3302	-1	118	119	0	
33	3302	-1	119	120	0	
33	3302	-1	120	121	0	
33	3302	-1	121	122	0	
33	3302	-1	122	100	0	
33	3302	-1	100	101	0	
33	3302	-1	101	102	0	
33	3302	-1	102	103	0	
33	3302	-1	103	104	0	
33	3302	-1	104	105	0	
33	3302	-1	105	123	0	
33	3303	-1	117	118	0	
33	3303	-1	118	119	0	
33	3303	-1	119	120	0	
33	3303	-1	120	121	0	
33	3303	-1	121	122	0	
33	3303	-1	122	100	0	
33	3303	-1	100	101	0	
33	3303	-1	101	102	0	
33	3303	-1	102	103	0	
33	3303	-1	103	104	0	
33	3303	-1	104	105	0	
33	3303	-1	105	123	0	
33	3304	-1	117	118	0	
33	3304	-1	118	119	0	
33	3304	-1	119	120	0	
33	3304	-1	120	121	0	
33	3304	-1	121	122	0	
33	3304	-1	122	100	0	
33	3304	-1	100	101	0	
33	3304	-1	101	102	0	
33	3304	-1	102	103	0	
33	3304	-1	103	104	0	
33	3304	-1	104	105	0	
33	3304	-1	105	123	0	
33	3305	-1	117	118	0	
33	3305	-1	118	119	0	
33	3305	-1	119	120	0	
33	3305	-1	120	121	0	
33	3305	-1	121	122	0	
33	3305	-1	122	100	0	
33	3305	-1	100	101	0	
33	3305	-1	101	102	0	
33	3305	-1	102	103	0	
33	3305	-1	103	104	0	
33	3305	-1	104	105	0	
33	3305	-1	105	123	0	
33	3306	-1	117	118	0	
33	3306	-1	118	119	0	
33	3306	-1	119	120	0	
33	3306	-1	120	121	0	
33	3306	-1	121	122	0	
33	3306	-1	122	100	0	
33	3306	-1	100	101	0	
33	3306	-1	101	102	0	
33	3306	-1	102	103	0	
33	3306	-1	103	104	0	
33	3306	-1	104	105	0	
33	3306	-1	105	123	0	
33	3307	-1	117	118	0	
33	3307	-1	118	119	0	
33	3307	-1	119	120	0	
33	3307	-1	120	121	0	
33	3307	-1	121	122	0	
33	3307	-1	122	100	0	
33	3307	-1	100	101	0	
33	3307	-1	101	102	0	
33	3307	-1	102	103	0	
33	3307	-1	103	104	0	
33	3307	-1	104	105	0	
33	3307	-1	105	123	0	
33	3308	-1	117	118	0	
33	3308	-1	118	119	0	
33	3308	-1	119	120	0	
33	3308	-1	120	121	0	
33	3308	-1	121	122	0	
33	3308	-1	122	100	0	
33	3308	-1	100	101	0	
33	3308	-1	101	102	0	
33	3308	-1	102	103	0	
33	3308	-1	103	104	0	
33	3308	-1	104	105	0	
33	3308	-1	105	123	0	
33	3309	-1	117	118	0	
33	3309	-1	118	119	0	
33	3309	-1	119	120	0	
33	3309	-1	120	121	0	
33	3309	-1	121	122	0	
33	3309	-1	122	100	0	
33	3309	-1	100	101	0	
33	3309	-1	101	102	0	
33	3309	-1	102	103	0	
33	3309	-1	103	104	0	
33	3309	-1	104	105	0	
33	3309	-1	105	123	0	
33	3310	-1	117	118	0	
33	3310	-1	118	119	0	
33	3310	-1	119	120	0	
33	3310	-1	120	121	0	
33	3310	-1	121	122	0	
33	3310	-1	122	100	0	
33	3310	-1	100	101	0	
33	3310	-1	101	102	0	
33	3310	-1	102	103	0	
33	3310	-1	103	104	0	
33	3310	-1	104	105	0	
33	3310	-1	105	123	0	
33	3311	-1	117	118	0	
33	3311	-1	118	119	0	
33	3311	-1	119	120	0	
33	3311	-1	120	121	0	
33	3311	-1	121	122	0	
33	3311	-1	122	100	0	
33	3311	-1	100	101	0	
33	3311	-1	101	102	0	
33	3311	-1	102	103	0	
33	3311	-1	103	104	0	
33	3311	-1	104	105	0	
33	3311	-1	105	123	0	
33	3312	-1	117	118	0	
33	3312	-1	118	119	0	
33	3312	-1	119	120	0	
33	3312	-1	120	121	0	
33	3312	-1	121	122	0	
33	3312	-1	122	100	0	
33	3312	-1	100	101	0	
33	3312	-1	101	102	0	
33	3312	-1	102	103	0	
33	3312	-1	103	104	0	
33	3312	-1	104	105	0	
33	3312	-1	105	123	0	
33	3313	-1	117	118	0	
33	3313	-1	118	119	0	
33	3313	-1	119	120	0	
33	3313	-1	120	121	0	
33	3313	-1	121	122	0	
33	3313	-1	122	100	0	
33	3313	-1	100	101	0	
33	3313	-1	101	102	0	
33	3313	-1	102	103	0	
33	3313	-1	103	104	0	
33	3313	-1	104	105	0	
33	3313	-1	105	123	0	
33	3314	-1	117	118	0	
33	3314	-1	118	119	0	
33	3314	-1	119	120	0	
33	3314	-1	120	121	0	
33	3314	-1	121	122	0	
33	3314	-1	122	100	0	
33	3314	-1	100	101	0	
33	3314	-1	101	102	0	
33	3314	-1	102	103	0	
33	3314	-1	103	104	0	
33	3314	-1	104	105	0	
33	3314	-1	105	123	0	
33	3315	-1	117	118	0	
33	3315	-1	118	119	0	
33	3315	-1	119	120	0	
33	3315	-1	120	121	0	
33	3315	-1	121	122	0	
33	3315	-1	122	100	0	
33	3315	-1	100	101	0	
33	3315	-1	101	102	0	
33	3315	-1	102	103	0	
33	3315	-1	103	104	0	
33	3315	-1	104	105	0	
33	3315	-1	105	123	0	
33	3316	-1	117	118	0	
33	3316	-1	118	119	0	
33	3316	-1	119	120	0	
33	3316	-1	120	121	0	
33	3316	-1	121	122	0	
33	3316	-1	122	100	0	
33	3316	-1	100	101	0	
33	3316	-1	101	102	0	
33	3316	-1	102	103	0	
33	3316	-1	103	104	0	
33	3316	-1	104	105	0	
33	3316	-1	105	123	0	
33	3317	-1	117	118	0	
33	3317	-1	118	119	0	
33	3317	-1	119	120	0	
33	3317	-1	120	121	0	
33	3317	-1	121	122	0	
33	3317	-1	122	100	0	
33	3317	-1	100	101	0	
33	3317	-1	101	102	0	
33	3317	-1	102	103	0	
33	3317	-1	103	104	0	
33	3317	-1	104	105	0	
33	3317	-1	105	123	0	
33	3318	-1	117	118	0	
33	3318	-1	118	119	0	
33	3318	-1	119	120	0	
33	3318	-1	120	121	0	
33	3318	-1	121	122	0	
33	3318	-1	122	100	0	
33	3318	-1	100	101	0	
33	3318	-1	101	102	0	
33	3318	-1	102	103	0	
33	3318	-1	103	104	0	
33	3318	-1	104	105	0	
33	3318	-1	105	123	0	
33	3319	-1	117	118	0	
33	3319	-1	118	119	0	
33	3319	-1	119	120	0	
33	3319	-1	120	121	0	
33	3319	-1	121	122	0	
33	3319	-1	122	100	0	
33	3319	-1	100	101	0	
33	3319	-1	101	102	0	
33	3319	-1	102	103	0	
33	3319	-1	103	104	0	
33	3319	-1	104	105	0	
33	3319	-1	105	123	0	
33	3320	-1	117	118	0	
33	3320	-1	118	119	0	
33	3320	-1	119	120	0	
33	3320	-1	120	121	0	
33	3320	-1	121	122	0	
33	3320	-1	122	100	0	
33	3320	-1	100	101	0	
33	3320	-1	101	102	0	
33	3320	-1	102	103	0	
33	3320	-1	103	104	0	
33	3320	-1	104	105	0	
33	3320	-1	105	123	0	
33	3321	-1	117	118	0	
33	3321	-1	118	119	0	
33	3321	-1	119	120	0	
33	3321	-1	120	121	0	
33	3321	-1	121	122	0	
33	3321	-1	122	100	0	
33	3321	-1	100	101	0	
33	3321	-1	101	102	0	
33	3321	-1	102	103	0	
33	3321	-1	103	104	0	
33	3321	-1	104	105	0	
33	3321	-1	105	123	0	
33	3322	-1	117	118	0	
33	3322	-1	118	119	0	
33	3322	-1	119	120	0	
33	3322	-1	120	121	0	
33	3322	-1	121	122	0	
33	3322	-1	122	100	0	
33	3322	-1	100	101	0	
33	3322	-1	101	102	0	
33	3322	-1	102	103	0	
33	3322	-1	103	104	0	
33	3322	-1	104	105	0	
33	3322	-1	105	123	0	
33	3323	-1	117	118	0	
33	3323	-1	118	119	0	
33	3323	-1	119	120	0	
33	3323	-1	120	121	0	
33	3323	-1	121	122	0	
33	3323	-1	122	100	0	
33	3323	-1	100	101	0	
33	3323	-1	101	102	0	
33	3323	-1	102	103	0	
33	3323	-1	103	104	0	
33	3323	-1	104	105	0	
33	3323	-1	105	123	0	
33	3324	-1	117	118	0	
33	3324	-1	118	119	0	
33	3324	-1	119	120	0	
33	3324	-1	120	121	0	
33	3324	-1	121	122	0	
33	3324	-1	122	100	0	
33	3324	-1	100	101	0	
33	3324	-1	101	102	0	
33	3324	-1	102	103	0	
33	3324	-1	103	104	0	
33	3324	-1	104	105	0	
33	3324	-1	105	123	0	
33	3325	-1	117	118	0	
33	3325	-1	118	119	0	
33	3325	-1	119	120	0	
33	3325	-1	120	121	0	
33	3325	-1	121	122	0	
33	3325	-1	122	100	0	
33	3325	-1	100	101	0	
33	3325	-1	101	102	0	
33	3325	-1	102	103	0	
33	3325	-1	103	104	0	
33	3325	-1	104	105	0	
33	3325	-1	105	123	0	
33	3326	-1	117	118	0	
33	3326	-1	118	119	0	
33	3326	-1	119	120	0	
33	3326	-1	120	121	0	
33	3326	-1	121	122	0	
33	3326	-1	122	100	0	
33	3326	-1	100	101	0	
33	3326	-1	101	102	0	
33	3326	-1	102	103	0	
33	3326	-1	103	104	0	
33	3326	-1	104	105	0	
33	3326	-1	105	123	0	
33	3327	-1	117	118	0	
33	3327	-1	118	119	0	
33	3327	-1	119	120	0	
33	3327	-1	120	121	0	
33	3327	-1	121	122	0	
33	3327	-1	122	100	0	
33	3327	-1	100	101	0	
33	3327	-1	101	102	0	
33	3327	-1	102	103	0	
33	3327	-1	103	104	0	
33	3327	-1	104	105	0	
33	3327	-1	105	123	0	
33	3328	-1	117	118	0	
33	3328	-1	118	119	0	
33	3328	-1	119	120	0	
33	3328	-1	120	121	0	
33	3328	-1	121	122	0	
33	3328	-1	122	100	0	
33	3328	-1	100	101	0	
33	3328	-1	101	102	0	
33	3328	-1	102	103	0	
33	3328	-1	103	104	0	
33	3328	-1	104	105	0	
33	3328	-1	105	123	0	
33	3329	-1	117	118	0	
33	3329	-1	118	119	0	
33	3329	-1	119	120	0	
33	3329	-1	120	121	0	
33	3329	-1	121	122	0	
33	3329	-1	122	100	0	
33	3329	-1	100	101	0	
33	3329	-1	101	102	0	
33	3329	-1	102	103	0	
33	3329	-1	103	104	0	
33	3329	-1	104	105	0	
33	3329	-1	105	123	0	
33	3330	-1	117	118	0	
33	3330	-1	118	119	0	
33	3330	-1	119	120	0	
33	3330	-1	120	121	0	
33	3330	-1	121	122	0	
33	3330	-1	122	100	0	
33	3330	-1	100	101	0	
33	3330	-1	101	102	0	
33	3330	-1	102	103	0	
33	3330	-1	103	104	0	
33	3330	-1	104	105	0	
33	3330	-1	105	123	0	
