1	A	1	360	1	1e-006	0	15.25	1.7158e-013	0	1	0	0	0	183	32940	0	0	
1	A	2	360	2	1e-006	0	0	1.7158e-013	0	1	0	0	0	0	0	0	0	
2	B	2	360	1	2.10001	0	0	1.60777e-013	0	1	0	0	0	0	0	0	0	
2	B	3	900	1	0.100061	0	0	2.66619e-013	0	1	0	0	0	0	0	0	0	
3	C	2	360	1	3.10007	0	0	3.44204e-013	0	1	0	0	0	0	0	0	0	
3	C	3	900	1	1.10008	0	0	2.66619e-013	0	1	0	0	0	0	0	0	0	
3	C	4	180	1	0.100121	0	0	1.14572e-013	0	1	0	0	0	0	0	0	0	
4	D	1	360	1	1.1	0	0	4.06937e-013	0	1	0	0	126008	0	0	0	0	
4	D	3	900	1.00001	422.1	0	0	6.4311e-013	2.62549e-013	0	0	1	0	0	0	0	0	
4	D	4	180	1	418.9	0	0	2.13487e-013	0	0	1	0	0	0	0	0	0	
1	A	1	360	1	1e-006	2.33333	13.9167	1.7158e-013	0	1	0	0	0	167	30060	0	0	
1	A	2	360	2	1e-006	0	2.33333	1.7158e-013	0	1	0	0	0	56	5040	0	0	
2	B	2	360	1	2.10001	5.3	0	1.60777e-013	0	1	0	0	11762.8	2	0	0	0	
2	B	3	900	1	0.100061	0	5	2.66619e-013	0	1	0	0	0	25	11250	0	0	
3	C	2	360	1	3.10007	0.222222	0	3.44204e-013	0	1	0	0	720	0	0	0	0	
3	C	3	900	1	1.10008	0	0	2.66619e-013	0	1	0	0	6000	25	0	0	0	
3	C	4	180	1	0.100121	0	0.0869565	1.14572e-013	0	1	0	0	0	2	180	0	0	
4	D	1	360	1	1.1	0	0	4.06937e-013	0	1	0	0	108007	0	0	0	0	
4	D	3	900	1.00001	422.1	0	0	6.4311e-013	2.62549e-013	0	0	1	15180	0	0	0	0	
4	D	4	180	1	418.9	0	0	2.13487e-013	0	0	1	0	360	0	0	0	0	
1	A	1	360	1	1e-006	3.08333	12.8333	1.7158e-013	0	1	0	0	0	154	27720	0	0	
1	A	2	360	2	1e-006	0	3.08333	1.7158e-013	0	1	0	0	0	74	6660	0	0	
2	B	2	360	1	2.10001	1.2	0	1.60777e-013	0	1	0	0	15543.7	29	0	0	0	
2	B	3	900	1	0.100061	0	1.6	2.66619e-013	0	1	0	0	0	8	3600	0	0	
3	C	2	360	1	3.10007	3.22222	0	3.44204e-013	0	1	0	0	10440	0	0	0	0	
3	C	3	900	1	1.10008	0	0	2.66619e-013	0	1	0	0	1920	8	0	0	0	
3	C	4	180	1	0.100121	0	1.26087	1.14572e-013	0	1	0	0	0	29	2610	0	0	
4	D	1	360	1	1.1	0	0	4.06937e-013	0	1	0	0	82505.5	0	0	0	0	
4	D	3	900	1.00001	422.1	0	0	6.4311e-013	2.62549e-013	0	0	1	5280	0	0	0	0	
4	D	4	180	1	418.9	0	0	2.13487e-013	0	0	1	0	5220	0	0	0	0	
1	A	1	360	1	1e-006	0	17.4167	1.7158e-013	0	1	0	0	0	209	37620	0	0	
1	A	2	360	2	1e-006	0	0	1.7158e-013	0	1	0	0	0	0	0	0	0	
2	B	2	360	1	2.10001	0	0	1.60777e-013	0	1	0	0	0	0	0	0	0	
2	B	3	900	1	0.100061	0	0	2.66619e-013	0	1	0	0	0	0	0	0	0	
3	C	2	360	1	3.10007	0	0	3.44204e-013	0	1	0	0	0	0	0	0	0	
3	C	3	900	1	1.10008	0	0	2.66619e-013	0	1	0	0	0	0	0	0	0	
3	C	4	180	1	0.100121	0	0	1.14572e-013	0	1	0	0	0	0	0	0	0	
4	D	1	360	1	1.1	0	0	4.06937e-013	0	1	0	0	141009	0	0	0	0	
4	D	3	900	1.00001	422.1	0	0	6.4311e-013	2.62549e-013	0	0	1	0	0	0	0	0	
4	D	4	180	1	418.9	0	0	2.13487e-013	0	0	1	0	0	0	0	0	0	
1	A	1	360	1	1e-006	2.41667	15.4167	1.7158e-013	0	1	0	0	0	185	33300	0	0	
1	A	2	360	2	1e-006	0	2.41667	1.7158e-013	0	1	0	0	0	58	5220	0	0	
2	B	2	360	1	2.10001	5.1	0	1.60777e-013	0	1	0	0	10502.5	0	0	0	0	
2	B	3	900	1	0.100061	0	4.6	2.66619e-013	0	1	0	0	0	23	10350	0	0	
3	C	2	360	1	3.10007	0	0	3.44204e-013	0	1	0	0	0	0	0	0	0	
3	C	3	900	1	1.10008	0	0	2.66619e-013	0	1	0	0	5520	23	0	0	0	
3	C	4	180	1	0.100121	0	0	1.14572e-013	0	1	0	0	0	0	0	0	0	
4	D	1	360	1	1.1	0	0	4.06937e-013	0	1	0	0	126008	0	0	0	0	
4	D	3	900	1.00001	422.1	0	0	6.4311e-013	2.62549e-013	0	0	1	13860	0	0	0	0	
4	D	4	180	1	418.9	0	0	2.13487e-013	0	0	1	0	0	0	0	0	0	
1	A	1	360	1	1e-006	16.25	2.25	1.7158e-013	0	1	0	0	0	27	4860	0	0	
1	A	2	360	2	1e-006	0	16.25	1.7158e-013	0	1	0	0	0	390	35100	0	0	
2	B	2	360	1	2.10001	0.1	0	1.60777e-013	0	1	0	0	63855.2	151	0	0	0	
2	B	3	900	1	0.100061	0	0.2	2.66619e-013	0	1	0	0	0	1	450	0	0	
3	C	2	360	1	3.10007	15.1111	0	3.44204e-013	0	1	0	0	48960	0	0	0	0	
3	C	3	900	1	1.10008	0	0	2.66619e-013	0	1	0	0	240	1	0	0	0	
3	C	4	180	1	0.100121	0	5.91304	1.14572e-013	0	1	0	0	0	136	12240	0	0	
4	D	1	360	1	1.1	0	0	4.06937e-013	0	1	0	0	19501.3	0	0	0	0	
4	D	3	900	1.00001	422.1	0	0	6.4311e-013	2.62549e-013	0	0	1	660	0	0	0	0	
4	D	4	180	1	418.9	0	0	2.13487e-013	0	0	1	0	24480	0	0	0	0	
1	A	1	360	1	1e-006	0.916667	15.3333	1.7158e-013	0	1	0	0	0	184	33120	0	0	
1	A	2	360	2	1e-006	0	0.916667	1.7158e-013	0	1	0	0	0	22	1980	0	0	
2	B	2	360	1	2.10001	0	0	1.60777e-013	0	1	0	0	0	0	0	0	0	
2	B	3	900	1	0.100061	0	0	2.66619e-013	0	1	0	0	0	0	0	0	0	
3	C	2	360	1	3.10007	0	0	3.44204e-013	0	1	0	0	0	0	0	0	0	
3	C	3	900	1	1.10008	0	0	2.66619e-013	0	1	0	0	0	0	0	0	0	
3	C	4	180	1	0.100121	0	0	1.14572e-013	0	1	0	0	0	0	0	0	0	
4	D	1	360	1	1.1	0	0	4.06937e-013	0	1	0	0	135009	0	0	0	0	
4	D	3	900	1.00001	422.1	0	0	6.4311e-013	2.62549e-013	0	0	1	0	0	0	0	0	
4	D	4	180	1	418.9	0	0	2.13487e-013	0	0	1	0	0	0	0	0	0	
