1	1	4	1	103	1	2150	1831.38	4	4	-1	1	
2	1	4	1	103	1	2150	1837.75	4	4	-1	1	
3	1	4	1	103	1	2150	1844.81	4	4	-1	1	
4	1	4	1	103	1	2150	1854.36	4	4	-1	1	
5	1	4	1	103	1	2150	1901.24	4	4	-1	1	
6	1	4	1	103	1	2150	1901.73	4	4	-1	1	
7	1	4	1	103	1	2150	1909.89	4	4	-1	1	
8	1	4	1	103	1	2150	1916.84	4	4	-1	1	
9	1	4	1	103	1	2150	1926.98	4	4	-1	1	
0	1	4	1	103	1	2150	1802.02	4	4	-1	1	
10	1	4	1	103	1	2150	1936.11	4	4	-1	1	
11	1	4	1	103	1	2150	1947.7	4	4	-1	1	
12	1	4	1	103	1	2150	1976.16	4	4	-1	1	
13	1	4	1	103	1	2150	1993.4	4	4	-1	1	
14	1	4	1	103	1	2150	2030.24	4	4	-1	1	
15	1	4	1	103	1	2150	2048.62	4	4	-1	1	
16	1	4	1	103	1	2150	2057.67	4	4	-1	1	
17	1	4	1	103	1	2150	2058.46	4	4	-1	1	
25	1	4	1	104	1	2510	2244.81	4	4	-1	1	
18	1	4	1	103	1	2150	2115.77	4	4	-1	1	
20	1	4	1	104	1	2510	2169.12	4	4	-1	1	
24	1	4	1	104	1	2510	2237.18	4	4	-1	1	
21	1	4	1	104	1	2510	2173.03	4	4	-1	1	
19	1	4	1	103	1	2150	2149.18	4	4	-1	1	
23	1	4	1	104	1	2510	2228.21	4	4	-1	1	
22	1	4	1	104	1	2510	2203.13	4	4	-1	1	
31	1	4	1	104	1	2510	2393.95	4	4	-1	1	
36	1	4	1	104	1	2510	2488.35	4	4	-1	1	
38	1	4	1	105	1	2870	2516.25	4	4	-1	1	
30	1	4	1	104	1	2510	2325.68	4	4	-1	1	
33	1	4	1	104	1	2510	2415.91	4	4	-1	1	
40	1	4	1	105	1	2870	2553.78	4	4	-1	1	
42	1	4	1	105	1	2870	2578.14	4	4	-1	1	
43	1	4	1	105	1	2870	2603.91	4	4	-1	1	
32	1	4	1	104	1	2510	2398.07	4	4	-1	1	
44	1	4	1	105	1	2870	2650.25	4	4	-1	1	
27	1	4	1	104	1	2510	2265.08	4	4	-1	1	
37	1	4	1	105	1	2870	2512.38	4	4	-1	1	
41	1	4	1	105	1	2870	2562.64	4	4	-1	1	
29	1	4	1	104	1	2510	2285.54	4	4	-1	1	
28	1	4	1	104	1	2510	2273.66	4	4	-1	1	
26	1	4	1	104	1	2510	2260.39	4	4	-1	1	
34	1	4	1	104	1	2510	2423.09	4	4	-1	1	
35	1	4	1	104	1	2510	2485.82	4	4	-1	1	
39	1	4	1	105	1	2870	2537.84	4	4	-1	1	
54	1	4	1	106	1	3230	2976.52	4	4	-1	1	
60	1	4	1	106	1	3230	3058.75	4	4	-1	1	
61	1	4	1	106	1	3230	3077.65	4	4	-1	1	
62	1	4	1	106	1	3230	3080.9	4	4	-1	1	
63	1	4	1	106	1	3230	3086.34	4	4	-1	1	
45	1	4	1	105	1	2870	2676.5	4	4	-1	1	
50	1	4	1	106	1	3230	2876.39	4	4	-1	1	
51	1	4	1	106	1	3230	2935.33	4	4	-1	1	
46	1	4	1	105	1	2870	2706.79	4	4	-1	1	
56	1	4	1	106	1	3230	3000.09	4	4	-1	1	
48	1	4	1	105	1	2870	2759.28	4	4	-1	1	
57	1	4	1	106	1	3230	3014.88	4	4	-1	1	
53	1	4	1	106	1	3230	2962.38	4	4	-1	1	
58	1	4	1	106	1	3230	3046.61	4	4	-1	1	
49	1	4	1	105	1	2870	2835.87	4	4	-1	1	
47	1	4	1	105	1	2870	2727.44	4	4	-1	1	
52	1	4	1	106	1	3230	2958.66	4	4	-1	1	
55	1	4	1	106	1	3230	2979.83	4	4	-1	1	
59	1	4	1	106	1	3230	3047.87	4	4	-1	1	
75	1	4	1	107	1	3590	3409.84	4	4	-1	1	
79	1	4	1	107	1	3590	3468.28	4	4	-1	1	
80	1	4	1	107	1	3590	3472.04	4	4	-1	1	
81	1	4	1	107	1	3590	3515.62	4	4	-1	1	
82	1	4	1	107	1	3590	3531.02	4	4	-1	1	
71	1	4	1	107	1	3590	3290.27	4	4	-1	1	
68	1	4	1	106	1	3230	3214.03	4	4	-1	1	
72	1	4	1	107	1	3590	3292.35	4	4	-1	1	
69	1	4	1	107	1	3590	3233.9	4	4	-1	1	
66	1	4	1	106	1	3230	3178.07	4	4	-1	1	
77	1	4	1	107	1	3590	3440.13	4	4	-1	1	
78	1	4	1	107	1	3590	3456.75	4	4	-1	1	
74	1	4	1	107	1	3590	3378.25	4	4	-1	1	
64	1	4	1	106	1	3230	3090.87	4	4	-1	1	
65	1	4	1	106	1	3230	3150.77	4	4	-1	1	
73	1	4	1	107	1	3590	3358.29	4	4	-1	1	
70	1	4	1	107	1	3590	3267.74	4	4	-1	1	
67	1	4	1	106	1	3230	3180.45	4	4	-1	1	
76	1	4	1	107	1	3590	3423.79	4	4	-1	1	
96	1	4	1	108	1	3950	3831.3	4	4	-1	1	
99	1	4	1	108	1	3950	3913.07	4	4	-1	1	
100	1	4	1	108	1	3950	3919.61	4	4	-1	1	
83	1	4	1	107	1	3590	3589.83	4	4	-1	1	
101	1	4	1	108	1	3950	3919.72	4	4	-1	1	
86	1	4	1	108	1	3950	3641.34	4	4	-1	1	
85	1	4	1	108	1	3950	3638.3	4	4	-1	1	
87	1	4	1	108	1	3950	3666.14	4	4	-1	1	
88	1	4	1	108	1	3950	3671.48	4	4	-1	1	
89	1	4	1	108	1	3950	3699.32	4	4	-1	1	
90	1	4	1	108	1	3950	3733.17	4	4	-1	1	
92	1	4	1	108	1	3950	3763	4	4	-1	1	
93	1	4	1	108	1	3950	3774.22	4	4	-1	1	
95	1	4	1	108	1	3950	3787.84	4	4	-1	1	
98	1	4	1	108	1	3950	3911.23	4	4	-1	1	
94	1	4	1	108	1	3950	3780.06	4	4	-1	1	
91	1	4	1	108	1	3950	3757.35	4	4	-1	1	
84	1	4	1	108	1	3950	3611.57	4	4	-1	1	
97	1	4	1	108	1	3950	3848.43	4	4	-1	1	
115	1	4	1	109	1	4310	4150.52	4	4	-1	1	
117	1	4	1	109	1	4310	4196.59	4	4	-1	1	
118	1	4	1	109	1	4310	4197.63	4	4	-1	1	
104	1	4	1	109	1	4310	3968.54	4	4	-1	1	
120	1	4	1	109	1	4310	4214.03	4	4	-1	1	
107	1	4	1	109	1	4310	3981.75	4	4	-1	1	
106	1	4	1	109	1	4310	3976.16	4	4	-1	1	
108	1	4	1	109	1	4310	3983.11	4	4	-1	1	
109	1	4	1	109	1	4310	4017.47	4	4	-1	1	
114	1	4	1	109	1	4310	4137.07	4	4	-1	1	
111	1	4	1	109	1	4310	4090.47	4	4	-1	1	
113	1	4	1	109	1	4310	4132.06	4	4	-1	1	
119	1	4	1	109	1	4310	4208.87	4	4	-1	1	
116	1	4	1	109	1	4310	4163.46	4	4	-1	1	
112	1	4	1	109	1	4310	4106.77	4	4	-1	1	
102	1	4	1	109	1	4310	3952.56	4	4	-1	1	
103	1	4	1	109	1	4310	3958.83	4	4	-1	1	
105	1	4	1	109	1	4310	3968.64	4	4	-1	1	
110	1	4	1	109	1	4310	4018.56	4	4	-1	1	
123	1	4	1	109	1	4310	4280.44	4	4	-1	1	
134	1	4	1	110	1	4670	4575.18	4	4	-1	1	
136	1	4	1	110	1	4670	4589.07	4	4	-1	1	
126	1	4	1	110	1	4670	4357.98	4	4	-1	1	
124	1	4	1	109	1	4310	4299.48	4	4	-1	1	
125	1	4	1	110	1	4670	4325.61	4	4	-1	1	
137	1	4	1	110	1	4670	4593.03	4	4	-1	1	
131	1	4	1	110	1	4670	4404.69	4	4	-1	1	
135	1	4	1	110	1	4670	4576.8	4	4	-1	1	
132	1	4	1	110	1	4670	4406.35	4	4	-1	1	
129	1	4	1	110	1	4670	4389.52	4	4	-1	1	
138	1	4	1	110	1	4670	4601.04	4	4	-1	1	
139	1	4	1	110	1	4670	4628.03	4	4	-1	1	
130	1	4	1	110	1	4670	4396.77	4	4	-1	1	
122	1	4	1	109	1	4310	4271.59	4	4	-1	1	
127	1	4	1	110	1	4670	4375.77	4	4	-1	1	
128	1	4	1	110	1	4670	4381.35	4	4	-1	1	
133	1	4	1	110	1	4670	4553.89	4	4	-1	1	
121	1	4	1	109	1	4310	4218.13	4	4	-1	1	
149	1	4	1	111	1	5030	4819.58	4	4	-1	1	
154	1	4	1	111	1	5030	4878.67	4	4	-1	1	
155	1	4	1	111	1	5030	4888.27	4	4	-1	1	
146	1	4	1	111	1	5030	4733.66	4	4	-1	1	
141	1	4	1	110	1	4670	4659.71	4	4	-1	1	
157	1	4	1	111	1	5030	4916.12	4	4	-1	1	
148	1	4	1	111	1	5030	4743.97	4	4	-1	1	
152	1	4	1	111	1	5030	4864.56	4	4	-1	1	
158	1	4	1	111	1	5030	4916.93	4	4	-1	1	
153	1	4	1	111	1	5030	4867.95	4	4	-1	1	
150	1	4	1	111	1	5030	4828.75	4	4	-1	1	
156	1	4	1	111	1	5030	4907.37	4	4	-1	1	
140	1	4	1	110	1	4670	4632.42	4	4	-1	1	
151	1	4	1	111	1	5030	4859.11	4	4	-1	1	
143	1	4	1	111	1	5030	4700.41	4	4	-1	1	
144	1	4	1	111	1	5030	4703.09	4	4	-1	1	
145	1	4	1	111	1	5030	4709.33	4	4	-1	1	
147	1	4	1	111	1	5030	4742.85	4	4	-1	1	
142	1	4	1	111	1	5030	4678.53	4	4	-1	1	
165	1	4	1	111	1	5030	4994.97	4	4	-1	1	
175	1	4	1	112	1	5390	5210.96	4	4	-1	1	
176	1	4	1	112	1	5390	5303.2	4	4	-1	1	
168	1	4	1	112	1	5390	5058.51	4	4	-1	1	
162	1	4	1	111	1	5030	4965.92	4	4	-1	1	
166	1	4	1	112	1	5390	5046.6	4	4	-1	1	
159	1	4	1	111	1	5030	4924.98	4	4	-1	1	
167	1	4	1	112	1	5390	5053.07	4	4	-1	1	
173	1	4	1	112	1	5390	5195.64	4	4	-1	1	
174	1	4	1	112	1	5390	5210.38	4	4	-1	1	
171	1	4	1	112	1	5390	5142.44	4	4	-1	1	
177	1	4	1	112	1	5390	5329.61	4	4	-1	1	
161	1	4	1	111	1	5030	4953.37	4	4	-1	1	
164	1	4	1	111	1	5030	4978.26	4	4	-1	1	
160	1	4	1	111	1	5030	4933.9	4	4	-1	1	
169	1	4	1	112	1	5390	5096.87	4	4	-1	1	
170	1	4	1	112	1	5390	5138.5	4	4	-1	1	
172	1	4	1	112	1	5390	5178.22	4	4	-1	1	
163	1	4	1	111	1	5030	4976.96	4	4	-1	1	
179	1	4	1	112	1	5390	5357.9	4	4	-1	1	
180	1	4	1	112	1	5390	5359.53	4	4	-1	1	
182	1	4	1	112	1	5390	5382.26	4	4	-1	1	
178	1	4	1	112	1	5390	5332.2	4	4	-1	1	
181	1	4	1	112	1	5390	5379.98	4	4	-1	1	
3	1	4	1	103	1	2150	1907.13	4	4	-1	1	
4	1	4	1	103	1	2150	1940.83	4	4	-1	1	
5	1	4	1	103	1	2150	1956.5	4	4	-1	1	
6	1	4	1	103	1	2150	1976.97	4	4	-1	1	
7	1	4	1	103	1	2150	1982.35	4	4	-1	1	
8	1	4	2	203	1	2150	1987.19	2	2	-1.79959	0.350404	3	-1.18233	0.649596	
9	1	4	1	103	1	2150	2060.45	4	4	-1	1	
10	1	4	2	203	1	2150	2082.95	2	2	-1.60088	0.379312	3	-1.10841	0.620688	
11	1	4	1	103	1	2150	2083.5	4	4	-1	1	
0	1	4	1	103	1	2150	1807.18	4	4	-1	1	
1	1	4	1	103	1	2150	1835.71	4	4	-1	1	
2	1	4	2	203	1	2150	1882.38	2	2	-2.05502	0.360202	3	-1.48053	0.639798	
12	1	4	1	103	1	2150	2129.26	4	4	-1	1	
13	1	4	1	104	1	2510	2192.68	4	4	-1	1	
14	1	4	1	104	1	2510	2224.1	4	4	-1	1	
15	1	4	1	104	1	2510	2272.47	4	4	-1	1	
16	1	4	1	104	1	2510	2299.72	4	4	-1	1	
19	1	4	1	104	1	2510	2350.45	4	4	-1	1	
25	1	4	1	104	1	2510	2502.69	4	4	-1	1	
23	1	4	1	104	1	2510	2428.2	4	4	-1	1	
18	1	4	1	104	1	2510	2315.32	4	4	-1	1	
21	1	4	1	104	1	2510	2391.83	4	4	-1	1	
17	1	4	1	104	1	2510	2300.33	4	4	-1	1	
20	1	4	1	104	1	2510	2351.98	4	4	-1	1	
24	1	4	1	104	1	2510	2452.51	4	4	-1	1	
22	1	4	1	104	1	2510	2409.65	4	4	-1	1	
33	1	4	1	105	1	2870	2641.36	4	4	-1	1	
40	1	4	1	105	1	2870	2724.1	4	4	-1	1	
35	1	4	1	105	1	2870	2647.53	4	4	-1	1	
34	1	4	1	105	1	2870	2643.53	4	4	-1	1	
28	1	4	1	104	1	2510	2507.56	4	4	-1	1	
39	1	4	2	205	1	2870	2690.39	2	2	-1.41835	0.446045	3	-1.20169	0.553955	
42	1	4	1	105	1	2870	2755.38	4	4	-1	1	
37	1	4	1	105	1	2870	2680.14	4	4	-1	1	
43	1	4	2	205	1	2870	2767.58	2	2	-1.63447	0.394336	3	-1.20534	0.605664	
27	1	4	1	104	1	2510	2506.59	4	4	-1	1	
31	1	4	1	105	1	2870	2575.94	4	4	-1	1	
32	1	4	1	105	1	2870	2636.4	4	4	-1	1	
38	1	4	1	105	1	2870	2686.46	4	4	-1	1	
44	1	4	1	105	1	2870	2798.27	4	4	-1	1	
41	1	4	2	205	1	2870	2743.34	2	2	-1.54425	0.419964	3	-1.22133	0.580036	
26	1	4	1	104	1	2510	2503.86	4	4	-1	1	
29	1	4	1	105	1	2870	2570.89	4	4	-1	1	
30	1	4	2	205	1	2870	2575.24	2	2	-1.87599	0.35726	3	-1.28871	0.64274	
36	1	4	1	105	1	2870	2661.57	4	4	-1	1	
55	1	4	1	106	1	3230	2918.79	4	4	-1	1	
53	1	4	2	206	1	3230	2896.63	2	2	-1.48727	0.386315	3	-1.02444	0.613685	
46	1	4	1	105	1	2870	2811.82	4	4	-1	1	
61	1	4	2	206	1	3230	2948.28	2	2	-1.65272	0.370773	3	-1.12382	0.629227	
49	1	4	2	206	1	3230	2870.4	2	2	-1.6851	0.357236	3	-1.09772	0.642764	
58	1	4	2	206	1	3230	2931.4	2	2	-1.60322	0.365674	3	-1.0524	0.634326	
60	1	4	1	106	1	3230	2946.89	4	4	-1	1	
54	1	4	2	206	1	3230	2897.5	2	2	-1.50506	0.351014	3	-0.89047	0.648986	
45	1	4	1	105	1	2870	2802.09	4	4	-1	1	
48	1	4	1	105	1	2870	2866.98	4	4	-1	1	
51	1	4	2	206	1	3230	2887.07	2	2	-1.38867	0.448562	3	-1.18219	0.551438	
57	1	4	1	106	1	3230	2921.21	4	4	-1	1	
56	1	4	1	106	1	3230	2921.2	4	4	-1	1	
50	1	4	2	206	1	3230	2878.16	3	2	-1.58714	0.310196	3	-0.787935	0.689804	
62	1	4	1	106	1	3230	2952.48	4	4	-1	1	
47	1	4	1	105	1	2870	2834.86	4	4	-1	1	
59	1	4	1	106	1	3230	2942.55	4	4	-1	1	
63	1	4	2	206	1	3230	2967.65	2	2	-1.62559	0.383263	3	-1.14987	0.616737	
52	1	4	2	206	1	3230	2892.88	2	2	-1.4299	0.490807	3	-1.39313	0.509193	
73	1	4	1	107	1	3590	3242.27	4	4	-1	1	
65	1	4	2	206	1	3230	3063.61	2	2	-1.52357	0.459464	3	-1.36107	0.540536	
64	1	4	2	206	1	3230	3045.01	2	2	-1.5101	0.439786	3	-1.26806	0.560214	
76	1	4	1	107	1	3590	3337.4	4	4	-1	1	
74	1	4	1	107	1	3590	3297.8	4	4	-1	1	
80	1	4	1	107	1	3590	3434.71	4	4	-1	1	
79	1	4	1	107	1	3590	3425.84	4	4	-1	1	
66	1	4	2	206	1	3230	3129.88	2	2	-1.25908	0.475988	3	-1.16296	0.524012	
72	1	4	1	107	1	3590	3233.33	4	4	-1	1	
82	1	4	1	107	1	3590	3468.51	4	4	-1	1	
70	1	4	1	106	1	3230	3179.5	4	4	-1	1	
75	1	4	1	107	1	3590	3313.77	4	4	-1	1	
78	1	4	1	107	1	3590	3384.17	4	4	-1	1	
71	1	4	1	106	1	3230	3212.99	4	4	-1	1	
77	1	4	1	107	1	3590	3347.75	4	4	-1	1	
67	1	4	2	206	1	3230	3136.73	2	2	-1.60891	0.383943	3	-1.13607	0.616057	
81	1	4	1	107	1	3590	3463.79	4	4	-1	1	
69	1	4	2	206	1	3230	3166.12	2	2	-1.76747	0.328758	3	-1.05366	0.671242	
68	1	4	2	206	1	3230	3144.76	2	2	-1.00192	0.557405	3	-1.23256	0.442595	
94	1	4	1	107	1	3590	3571.66	4	4	-1	1	
97	1	4	1	108	1	3950	3626.1	4	4	-1	1	
88	1	4	1	107	1	3590	3502.63	4	4	-1	1	
83	1	4	1	107	1	3590	3468.69	4	4	-1	1	
95	1	4	2	207	1	3590	3579.86	2	2	-1.17591	0.398257	3	-0.763182	0.601743	
86	1	4	1	107	1	3590	3496.15	4	4	-1	1	
101	1	4	2	208	1	3950	3701.37	2	2	-1.42306	0.478751	3	-1.33802	0.521249	
84	1	4	1	107	1	3590	3477.93	4	4	-1	1	
87	1	4	2	207	1	3590	3497.12	2	2	-1.30606	0.456238	3	-1.13056	0.543762	
85	1	4	1	107	1	3590	3490.27	4	4	-1	1	
91	1	4	1	107	1	3590	3531.61	4	4	-1	1	
93	1	4	1	107	1	3590	3551.04	4	4	-1	1	
96	1	4	1	108	1	3950	3610.25	4	4	-1	1	
92	1	4	1	107	1	3590	3546.02	4	4	-1	1	
99	1	4	1	108	1	3950	3651.27	4	4	-1	1	
98	1	4	1	108	1	3950	3627.54	4	4	-1	1	
100	1	4	1	108	1	3950	3698.78	4	4	-1	1	
90	1	4	1	107	1	3590	3523.32	4	4	-1	1	
89	1	4	1	107	1	3590	3512.79	4	4	-1	1	
118	1	4	1	109	1	4310	4123.35	4	4	-1	1	
116	1	4	1	109	1	4310	4042.56	4	4	-1	1	
109	1	4	1	108	1	3950	3855.33	4	4	-1	1	
104	1	4	1	108	1	3950	3775.05	4	4	-1	1	
112	1	4	1	108	1	3950	3925.85	4	4	-1	1	
107	1	4	2	208	1	3950	3798.43	3	2	-1.89962	0.307425	3	-1.08743	0.692575	
102	1	4	2	208	1	3950	3748.45	2	2	-1.47291	0.403649	3	-1.08262	0.596351	
103	1	4	1	108	1	3950	3774.94	4	4	-1	1	
105	1	4	1	108	1	3950	3782.47	4	4	-1	1	
106	1	4	1	108	1	3950	3788.02	4	4	-1	1	
108	1	4	1	108	1	3950	3821.82	4	4	-1	1	
111	1	4	1	108	1	3950	3917.58	4	4	-1	1	
113	1	4	1	109	1	4310	3968.4	4	4	-1	1	
114	1	4	1	109	1	4310	4004.88	4	4	-1	1	
117	1	4	1	109	1	4310	4098.66	4	4	-1	1	
119	1	4	1	109	1	4310	4135.55	4	4	-1	1	
110	1	4	1	108	1	3950	3872.52	4	4	-1	1	
120	1	4	1	109	1	4310	4135.63	4	4	-1	1	
115	1	4	1	109	1	4310	4042.15	4	4	-1	1	
131	1	4	1	110	1	4670	4330.95	4	4	-1	1	
128	1	4	1	109	1	4310	4302.47	4	4	-1	1	
124	1	4	1	109	1	4310	4208.44	4	4	-1	1	
127	1	4	1	109	1	4310	4287.4	4	4	-1	1	
132	1	4	1	110	1	4670	4376.29	4	4	-1	1	
134	1	4	2	210	1	4670	4382.39	2	2	-1.73455	0.381767	3	-1.25249	0.618233	
126	1	4	1	109	1	4310	4249.45	4	4	-1	1	
129	1	4	1	110	1	4670	4329.16	4	4	-1	1	
136	1	4	1	110	1	4670	4398.5	4	4	-1	1	
121	1	4	1	109	1	4310	4160.03	4	4	-1	1	
138	1	4	1	110	1	4670	4434.55	4	4	-1	1	
137	1	4	1	110	1	4670	4419.9	4	4	-1	1	
139	1	4	1	110	1	4670	4448.01	4	4	-1	1	
123	1	4	1	109	1	4310	4196.17	4	4	-1	1	
122	1	4	1	109	1	4310	4160.93	4	4	-1	1	
130	1	4	1	110	1	4670	4330.33	4	4	-1	1	
133	1	4	1	110	1	4670	4376.51	4	4	-1	1	
135	1	4	1	110	1	4670	4385.42	4	4	-1	1	
125	1	4	1	109	1	4310	4226.28	4	4	-1	1	
154	1	4	1	111	1	5030	4777.66	4	4	-1	1	
155	1	4	1	111	1	5030	4782.09	4	4	-1	1	
156	1	4	1	111	1	5030	4793.26	4	4	-1	1	
146	1	4	1	110	1	4670	4636.06	4	4	-1	1	
140	1	4	1	110	1	4670	4465.72	4	4	-1	1	
157	1	4	1	111	1	5030	4805.26	4	4	-1	1	
158	1	4	1	111	1	5030	4810.74	4	4	-1	1	
145	1	4	1	110	1	4670	4565.99	4	4	-1	1	
147	1	4	1	110	1	4670	4659.59	4	4	-1	1	
142	1	4	1	110	1	4670	4506.24	4	4	-1	1	
148	1	4	1	111	1	5030	4680.8	4	4	-1	1	
141	1	4	1	110	1	4670	4479.09	4	4	-1	1	
144	1	4	1	110	1	4670	4530.22	4	4	-1	1	
149	1	4	1	111	1	5030	4687.58	4	4	-1	1	
143	1	4	1	110	1	4670	4525.31	4	4	-1	1	
150	1	4	1	111	1	5030	4717.25	4	4	-1	1	
151	1	4	1	111	1	5030	4723.76	4	4	-1	1	
153	1	4	1	111	1	5030	4756.37	4	4	-1	1	
152	1	4	1	111	1	5030	4738.3	4	4	-1	1	
173	1	4	1	112	1	5390	5068.11	4	4	-1	1	
174	1	4	1	112	1	5390	5103.28	4	4	-1	1	
166	1	4	1	111	1	5030	4897.97	4	4	-1	1	
169	1	4	1	111	1	5030	4997.14	4	4	-1	1	
161	1	4	1	111	1	5030	4823.58	4	4	-1	1	
164	1	4	1	111	1	5030	4869.58	4	4	-1	1	
168	1	4	1	111	1	5030	4993.2	4	4	-1	1	
171	1	4	1	111	1	5030	5012.17	4	4	-1	1	
159	1	4	1	111	1	5030	4811.96	4	4	-1	1	
163	1	4	1	111	1	5030	4863.51	4	4	-1	1	
170	1	4	1	111	1	5030	5010	4	4	-1	1	
162	1	4	1	111	1	5030	4847.7	4	4	-1	1	
175	1	4	1	112	1	5390	5103.55	4	4	-1	1	
165	1	4	1	111	1	5030	4880.5	4	4	-1	1	
176	1	4	1	112	1	5390	5104.84	4	4	-1	1	
172	1	4	1	112	1	5390	5034.9	4	4	-1	1	
160	1	4	1	111	1	5030	4819.09	4	4	-1	1	
177	1	4	1	112	1	5390	5115.98	4	4	-1	1	
167	1	4	1	111	1	5030	4928.11	4	4	-1	1	
191	1	4	1	112	1	5390	5310.18	4	4	-1	1	
188	1	4	1	112	1	5390	5265.6	4	4	-1	1	
193	1	4	1	112	1	5390	5366.68	4	4	-1	1	
182	1	4	1	112	1	5390	5184.63	4	4	-1	1	
187	1	4	1	112	1	5390	5246.32	4	4	-1	1	
180	1	4	1	112	1	5390	5142.53	4	4	-1	1	
189	1	4	1	112	1	5390	5274.23	4	4	-1	1	
190	1	4	1	112	1	5390	5295.39	4	4	-1	1	
184	1	4	1	112	1	5390	5230.24	4	4	-1	1	
192	1	4	1	112	1	5390	5365.98	4	4	-1	1	
183	1	4	1	112	1	5390	5198.89	4	4	-1	1	
186	1	4	1	112	1	5390	5244.98	4	4	-1	1	
185	1	4	1	112	1	5390	5235.31	4	4	-1	1	
179	1	4	1	112	1	5390	5129.63	4	4	-1	1	
181	1	4	1	112	1	5390	5158.19	4	4	-1	1	
194	1	4	1	112	1	5390	5389.63	4	4	-1	1	
178	1	4	1	112	1	5390	5120.24	4	4	-1	1	
8	1	4	3	303	2	3230.1	1987.19	4	4	-0.32	1	
10	1	4	3	303	2	3230.1	2082.95	4	4	-0.32	1	
2	1	4	3	303	2	3230.1	1882.38	4	4	-0.32	1	
39	1	4	3	304	2	4130.1	2690.39	4	4	-0.32	1	
43	1	4	3	304	2	4130.1	2767.58	4	4	-0.32	1	
41	1	4	3	304	2	4130.1	2743.34	4	4	-0.32	1	
30	1	4	3	304	2	4130.1	2575.24	4	4	-0.32	1	
53	1	4	3	304	2	4130.1	2896.63	4	4	-0.32	1	
61	1	4	3	304	2	4130.1	2948.28	4	4	-0.32	1	
49	1	4	3	304	2	4130.1	2870.4	4	4	-0.32	1	
58	1	4	3	304	2	4130.1	2931.4	4	4	-0.32	1	
54	1	4	3	304	2	4130.1	2897.5	4	4	-0.32	1	
51	1	4	3	304	2	4130.1	2887.07	4	4	-0.32	1	
63	1	4	3	304	2	4130.1	2967.65	4	4	-0.32	1	
52	1	4	3	304	2	4130.1	2892.88	4	4	-0.32	1	
65	1	4	3	304	2	4130.1	3063.61	4	4	-0.32	1	
64	1	4	3	304	2	4130.1	3045.01	4	4	-0.32	1	
66	1	4	3	304	2	4130.1	3129.88	4	4	-0.32	1	
67	1	4	3	304	2	4130.1	3136.73	4	4	-0.32	1	
69	1	4	3	304	2	4130.1	3166.12	4	4	-0.32	1	
68	1	4	3	304	2	4130.1	3144.76	4	4	-0.32	1	
95	1	4	3	304	2	4130.1	3579.86	4	4	-0.32	1	
101	1	4	3	305	2	5030.1	3701.37	4	4	-0.32	1	
87	1	4	3	304	2	4130.1	3497.12	4	4	-0.32	1	
102	1	4	3	305	2	5030.1	3748.45	4	4	-0.32	1	
50	1	4	4	416	3	4130.1	2878.16	4	4	-0.4	1	
107	1	4	4	420	3	4850.1	3798.43	4	4	-0.4	1	
7	1	4	2	203	1	2150	2116.79	3	2	-1.68778	0.364413	3	-1.13152	0.635587	
8	1	4	2	203	1	2150	2123.18	3	2	-1.97296	0.353879	3	-1.37093	0.646121	
9	1	4	1	104	1	2510	2163.21	4	4	-1	1	
10	1	4	1	104	1	2510	2172.37	4	4	-1	1	
11	1	4	2	204	1	2510	2179.84	2	2	-1.40309	0.472356	3	-1.2924	0.527644	
12	1	4	1	104	1	2510	2197.68	4	4	-1	1	
13	1	4	1	104	1	2510	2215.73	4	4	-1	1	
0	1	4	1	103	1	2150	1929.61	4	4	-1	1	
1	1	4	1	103	1	2150	2007.17	4	4	-1	1	
2	1	4	2	203	1	2150	2025.86	3	2	-2.01231	0.315303	3	-1.23687	0.684697	
3	1	4	2	203	1	2150	2038.25	3	2	-1.73948	0.384649	3	-1.26962	0.615351	
4	1	4	1	103	1	2150	2039.21	4	4	-1	1	
5	1	4	2	203	1	2150	2047.84	3	2	-1.66065	0.383346	3	-1.18528	0.616654	
6	1	4	2	203	1	2150	2095.19	3	2	-1.72851	0.3896	3	-1.27952	0.6104	
14	1	4	2	204	1	2510	2225.07	3	2	-1.45657	0.455508	3	-1.27813	0.544492	
15	1	4	1	104	1	2510	2226.39	4	4	-1	1	
16	1	4	1	104	1	2510	2226.59	4	4	-1	1	
23	1	4	2	204	1	2510	2322.44	3	2	-1.27225	0.427946	3	-0.982015	0.572054	
17	1	4	1	104	1	2510	2234.01	4	4	-1	1	
25	1	4	1	104	1	2510	2365.66	4	4	-1	1	
18	1	4	1	104	1	2510	2242.76	4	4	-1	1	
20	1	4	1	104	1	2510	2249.03	4	4	-1	1	
24	1	4	1	104	1	2510	2343.13	4	4	-1	1	
19	1	4	2	204	1	2510	2244.11	3	2	-1.38929	0.442154	3	-1.15686	0.557846	
21	1	4	1	104	1	2510	2286.37	4	4	-1	1	
22	1	4	1	104	1	2510	2301.63	4	4	-1	1	
42	1	4	1	105	1	2870	2614.02	4	4	-1	1	
31	1	4	1	104	1	2510	2431.94	4	4	-1	1	
32	1	4	1	104	1	2510	2438.62	4	4	-1	1	
34	1	4	2	204	1	2510	2456.67	3	2	-1.10296	0.440133	3	-0.862334	0.559867	
37	1	4	1	104	1	2510	2500.9	4	4	-1	1	
27	1	4	1	104	1	2510	2377.58	4	4	-1	1	
38	1	4	1	105	1	2870	2583.24	4	4	-1	1	
26	1	4	1	104	1	2510	2376.75	4	4	-1	1	
28	1	4	1	104	1	2510	2383.57	4	4	-1	1	
40	1	4	1	105	1	2870	2592.35	4	4	-1	1	
43	1	4	1	105	1	2870	2634.27	4	4	-1	1	
41	1	4	2	205	1	2870	2610.26	3	2	-1.71917	0.396561	3	-1.29935	0.603439	
44	1	4	1	105	1	2870	2645.06	4	4	-1	1	
30	1	4	2	204	1	2510	2418.23	3	2	-1.74988	0.404055	3	-1.36129	0.595945	
39	1	4	1	105	1	2870	2591.28	4	4	-1	1	
29	1	4	1	104	1	2510	2408.46	4	4	-1	1	
35	1	4	2	204	1	2510	2478.48	3	2	-1.52227	0.400372	3	-1.11835	0.599628	
33	1	4	2	204	1	2510	2442.34	2	2	-1.2995	0.488252	3	-1.2525	0.511748	
36	1	4	2	204	1	2510	2500.53	2	2	-1.42507	0.457976	3	-1.25658	0.542024	
63	1	4	2	206	1	3230	2946.49	3	2	-1.3624	0.427092	3	-1.06868	0.572908	
56	1	4	1	105	1	2870	2797.13	4	4	-1	1	
57	1	4	1	105	1	2870	2815.26	4	4	-1	1	
52	1	4	2	205	1	2870	2749.54	3	2	-1.42509	0.354024	3	-0.823687	0.645976	
53	1	4	1	105	1	2870	2754.53	4	4	-1	1	
48	1	4	2	205	1	2870	2706.79	3	2	-1.85014	0.35741	3	-1.26352	0.64259	
59	1	4	2	205	1	2870	2849.13	3	2	-1.97941	0.330948	3	-1.27551	0.669052	
47	1	4	2	205	1	2870	2693.19	3	2	-2.24735	0.293219	3	-1.36755	0.706781	
49	1	4	1	105	1	2870	2711.75	4	4	-1	1	
55	1	4	2	205	1	2870	2789.61	3	2	-2.11917	0.317911	3	-1.35579	0.682089	
58	1	4	1	105	1	2870	2815.94	4	4	-1	1	
45	1	4	2	205	1	2870	2672.28	3	2	-1.72289	0.348844	3	-1.09877	0.651156	
61	1	4	2	206	1	3230	2921.07	3	2	-1.38745	0.429651	3	-1.10417	0.570349	
62	1	4	1	106	1	3230	2937.59	4	4	-1	1	
50	1	4	2	205	1	2870	2726.74	3	2	-1.8409	0.365422	3	-1.28899	0.634578	
60	1	4	1	106	1	3230	2901.96	4	4	-1	1	
46	1	4	2	205	1	2870	2680.13	3	2	-1.67762	0.362849	3	-1.1146	0.637151	
51	1	4	2	205	1	2870	2734.06	3	2	-1.86044	0.35353	3	-1.25688	0.64647	
54	1	4	1	105	1	2870	2765.08	4	4	-1	1	
81	1	4	1	107	1	3590	3324.08	4	4	-1	1	
77	1	4	1	107	1	3590	3256.25	4	4	-1	1	
78	1	4	1	107	1	3590	3271.37	4	4	-1	1	
73	1	4	1	106	1	3230	3147.24	4	4	-1	1	
68	1	4	2	206	1	3230	3052.56	2	2	-1.26106	0.463318	3	-1.11406	0.536682	
74	1	4	2	206	1	3230	3161.76	3	2	-1.78638	0.374216	3	-1.27221	0.625784	
70	1	4	1	106	1	3230	3105.4	4	4	-1	1	
64	1	4	1	106	1	3230	2965.38	4	4	-1	1	
69	1	4	2	206	1	3230	3100.61	2	2	-1.41219	0.485114	3	-1.35263	0.514886	
76	1	4	1	107	1	3590	3238.72	4	4	-1	1	
79	1	4	1	107	1	3590	3289.58	4	4	-1	1	
80	1	4	1	107	1	3590	3298.78	4	4	-1	1	
65	1	4	2	206	1	3230	2975.68	3	2	-1.44769	0.37869	3	-0.952576	0.62131	
82	1	4	1	107	1	3590	3325.82	4	4	-1	1	
66	1	4	2	206	1	3230	2990.48	3	2	-1.55859	0.434408	3	-1.2947	0.565592	
67	1	4	2	206	1	3230	3047.04	2	2	-1.32851	0.457643	3	-1.15868	0.542357	
71	1	4	2	206	1	3230	3108.64	3	2	-1.4609	0.452179	3	-1.26902	0.547821	
72	1	4	2	206	1	3230	3121.99	2	2	-1.1952	0.467759	3	-1.06606	0.532241	
75	1	4	1	107	1	3590	3236.49	4	4	-1	1	
96	1	4	1	108	1	3950	3701.35	4	4	-1	1	
101	1	4	1	108	1	3950	3903.58	4	4	-1	1	
98	1	4	1	108	1	3950	3766.82	4	4	-1	1	
86	1	4	2	207	1	3590	3470.62	2	2	-1.19689	0.47863	3	-1.11136	0.52137	
84	1	4	1	107	1	3590	3392.7	4	4	-1	1	
89	1	4	1	107	1	3590	3521.9	4	4	-1	1	
91	1	4	1	107	1	3590	3568.66	4	4	-1	1	
90	1	4	1	107	1	3590	3558.96	4	4	-1	1	
94	1	4	1	108	1	3950	3662.78	4	4	-1	1	
83	1	4	1	107	1	3590	3339.15	4	4	-1	1	
95	1	4	1	108	1	3950	3690.24	4	4	-1	1	
87	1	4	1	107	1	3590	3480.5	4	4	-1	1	
97	1	4	1	108	1	3950	3752	4	4	-1	1	
99	1	4	1	108	1	3950	3809.85	4	4	-1	1	
92	1	4	1	108	1	3950	3633.82	4	4	-1	1	
100	1	4	1	108	1	3950	3852.73	4	4	-1	1	
88	1	4	1	107	1	3590	3514.14	4	4	-1	1	
93	1	4	1	108	1	3950	3647.23	4	4	-1	1	
85	1	4	2	207	1	3590	3437.23	3	2	-1.39067	0.423616	3	-1.08272	0.576384	
117	1	4	1	109	1	4310	4277.29	4	4	-1	1	
102	1	4	1	108	1	3950	3913.54	4	4	-1	1	
120	1	4	1	109	1	4310	4303.74	4	4	-1	1	
107	1	4	1	109	1	4310	4090.47	4	4	-1	1	
103	1	4	1	109	1	4310	3965.42	4	4	-1	1	
105	1	4	1	109	1	4310	4041.6	4	4	-1	1	
111	1	4	1	109	1	4310	4121	4	4	-1	1	
110	1	4	1	109	1	4310	4098.18	4	4	-1	1	
112	1	4	1	109	1	4310	4121.85	4	4	-1	1	
104	1	4	1	109	1	4310	4020.76	4	4	-1	1	
115	1	4	1	109	1	4310	4253.6	4	4	-1	1	
108	1	4	1	109	1	4310	4091.94	4	4	-1	1	
116	1	4	1	109	1	4310	4271.4	4	4	-1	1	
118	1	4	1	109	1	4310	4280.92	4	4	-1	1	
119	1	4	1	109	1	4310	4298.67	4	4	-1	1	
113	1	4	1	109	1	4310	4165.91	4	4	-1	1	
109	1	4	1	109	1	4310	4096.59	4	4	-1	1	
114	1	4	1	109	1	4310	4187.06	4	4	-1	1	
106	1	4	1	109	1	4310	4069.19	4	4	-1	1	
122	1	4	1	110	1	4670	4358.21	4	4	-1	1	
124	1	4	1	110	1	4670	4424.25	4	4	-1	1	
135	1	4	1	110	1	4670	4564.68	4	4	-1	1	
125	1	4	1	110	1	4670	4435.27	4	4	-1	1	
138	1	4	1	110	1	4670	4618.6	4	4	-1	1	
139	1	4	1	111	1	5030	4687.81	4	4	-1	1	
131	1	4	1	110	1	4670	4494.58	4	4	-1	1	
121	1	4	1	110	1	4670	4328.15	4	4	-1	1	
126	1	4	1	110	1	4670	4458.31	4	4	-1	1	
127	1	4	1	110	1	4670	4470.06	4	4	-1	1	
123	1	4	1	110	1	4670	4400.7	4	4	-1	1	
132	1	4	1	110	1	4670	4542.15	4	4	-1	1	
133	1	4	1	110	1	4670	4543.5	4	4	-1	1	
136	1	4	1	110	1	4670	4592.15	4	4	-1	1	
128	1	4	1	110	1	4670	4471.59	4	4	-1	1	
137	1	4	1	110	1	4670	4616.12	4	4	-1	1	
129	1	4	1	110	1	4670	4487.09	4	4	-1	1	
130	1	4	1	110	1	4670	4489.24	4	4	-1	1	
134	1	4	1	110	1	4670	4551.24	4	4	-1	1	
156	1	4	1	111	1	5030	4943.11	4	4	-1	1	
144	1	4	1	111	1	5030	4737.59	4	4	-1	1	
157	1	4	1	111	1	5030	4944.21	4	4	-1	1	
158	1	4	1	111	1	5030	4950.55	4	4	-1	1	
145	1	4	1	111	1	5030	4752.84	4	4	-1	1	
147	1	4	1	111	1	5030	4767.36	4	4	-1	1	
141	1	4	1	111	1	5030	4724.49	4	4	-1	1	
140	1	4	1	111	1	5030	4690.98	4	4	-1	1	
142	1	4	1	111	1	5030	4727.46	4	4	-1	1	
143	1	4	1	111	1	5030	4735.09	4	4	-1	1	
146	1	4	1	111	1	5030	4752.93	4	4	-1	1	
149	1	4	1	111	1	5030	4801.08	4	4	-1	1	
152	1	4	1	111	1	5030	4855.73	4	4	-1	1	
153	1	4	1	111	1	5030	4908.18	4	4	-1	1	
150	1	4	1	111	1	5030	4811.09	4	4	-1	1	
151	1	4	1	111	1	5030	4838.99	4	4	-1	1	
154	1	4	1	111	1	5030	4925.95	4	4	-1	1	
155	1	4	1	111	1	5030	4926.51	4	4	-1	1	
148	1	4	1	111	1	5030	4772.12	4	4	-1	1	
175	1	4	1	112	1	5390	5115.3	4	4	-1	1	
167	1	4	1	112	1	5390	5050.78	4	4	-1	1	
176	1	4	1	112	1	5390	5165.22	4	4	-1	1	
177	1	4	1	112	1	5390	5177.02	4	4	-1	1	
173	1	4	1	112	1	5390	5103.67	4	4	-1	1	
168	1	4	1	112	1	5390	5053.16	4	4	-1	1	
162	1	4	1	111	1	5030	5011.77	4	4	-1	1	
161	1	4	1	111	1	5030	4993.74	4	4	-1	1	
159	1	4	1	111	1	5030	4953.45	4	4	-1	1	
163	1	4	1	111	1	5030	5012.49	4	4	-1	1	
165	1	4	1	112	1	5390	5041.69	4	4	-1	1	
169	1	4	1	112	1	5390	5062.8	4	4	-1	1	
170	1	4	1	112	1	5390	5070.52	4	4	-1	1	
160	1	4	1	111	1	5030	4966.12	4	4	-1	1	
171	1	4	1	112	1	5390	5079.76	4	4	-1	1	
172	1	4	1	112	1	5390	5102.84	4	4	-1	1	
174	1	4	1	112	1	5390	5104.87	4	4	-1	1	
164	1	4	1	111	1	5030	5014.28	4	4	-1	1	
166	1	4	1	112	1	5390	5043.39	4	4	-1	1	
178	1	4	1	112	1	5390	5178.63	4	4	-1	1	
190	1	4	1	112	1	5390	5333.83	4	4	-1	1	
186	1	4	1	112	1	5390	5269.8	4	4	-1	1	
187	1	4	1	112	1	5390	5299.11	4	4	-1	1	
189	1	4	1	112	1	5390	5325.65	4	4	-1	1	
183	1	4	1	112	1	5390	5223.12	4	4	-1	1	
182	1	4	1	112	1	5390	5207.53	4	4	-1	1	
184	1	4	1	112	1	5390	5225.94	4	4	-1	1	
180	1	4	1	112	1	5390	5183.21	4	4	-1	1	
185	1	4	1	112	1	5390	5240.55	4	4	-1	1	
188	1	4	1	112	1	5390	5314.63	4	4	-1	1	
179	1	4	1	112	1	5390	5180.68	4	4	-1	1	
181	1	4	1	112	1	5390	5192.14	4	4	-1	1	
11	1	4	3	303	2	3230.1	2179.84	4	4	-0.32	1	
33	1	4	3	303	2	3230.1	2442.34	4	4	-0.32	1	
36	1	4	3	303	2	3230.1	2500.53	4	4	-0.32	1	
68	1	4	3	304	2	4130.1	3052.56	4	4	-0.32	1	
69	1	4	3	304	2	4130.1	3100.61	4	4	-0.32	1	
67	1	4	3	304	2	4130.1	3047.04	4	4	-0.32	1	
72	1	4	3	304	2	4130.1	3121.99	4	4	-0.32	1	
86	1	4	3	304	2	4130.1	3470.62	4	4	-0.32	1	
7	1	4	4	410	3	3050.1	2116.79	4	4	-0.4	1	
8	1	4	4	410	3	3050.1	2123.18	4	4	-0.4	1	
2	1	4	4	410	3	3050.1	2025.86	4	4	-0.4	1	
3	1	4	4	410	3	3050.1	2038.25	4	4	-0.4	1	
5	1	4	4	410	3	3050.1	2047.84	4	4	-0.4	1	
6	1	4	4	410	3	3050.1	2095.19	4	4	-0.4	1	
14	1	4	4	412	3	3410.1	2225.07	4	4	-0.4	1	
23	1	4	4	412	3	3410.1	2322.44	4	4	-0.4	1	
19	1	4	4	412	3	3410.1	2244.11	4	4	-0.4	1	
34	1	4	4	412	3	3410.1	2456.67	4	4	-0.4	1	
41	1	4	4	414	3	3770.1	2610.26	4	4	-0.4	1	
30	1	4	4	412	3	3410.1	2418.23	4	4	-0.4	1	
35	1	4	4	412	3	3410.1	2478.48	4	4	-0.4	1	
63	1	4	4	416	3	4130.1	2946.49	4	4	-0.4	1	
52	1	4	4	414	3	3770.1	2749.54	4	4	-0.4	1	
48	1	4	4	414	3	3770.1	2706.79	4	4	-0.4	1	
59	1	4	4	414	3	3770.1	2849.13	4	4	-0.4	1	
47	1	4	4	414	3	3770.1	2693.19	4	4	-0.4	1	
55	1	4	4	414	3	3770.1	2789.61	4	4	-0.4	1	
45	1	4	4	414	3	3770.1	2672.28	4	4	-0.4	1	
61	1	4	4	416	3	4130.1	2921.07	4	4	-0.4	1	
50	1	4	4	414	3	3770.1	2726.74	4	4	-0.4	1	
46	1	4	4	414	3	3770.1	2680.13	4	4	-0.4	1	
51	1	4	4	414	3	3770.1	2734.06	4	4	-0.4	1	
74	1	4	4	416	3	4130.1	3161.76	4	4	-0.4	1	
65	1	4	4	416	3	4130.1	2975.68	4	4	-0.4	1	
66	1	4	4	416	3	4130.1	2990.48	4	4	-0.4	1	
71	1	4	4	416	3	4130.1	3108.64	4	4	-0.4	1	
85	1	4	4	418	3	4490.1	3437.23	4	4	-0.4	1	
0	1	4	1	103	1	2150	1800.8	4	4	-1	1	
1	1	4	1	103	1	2150	1830.94	4	4	-1	1	
2	1	4	1	103	1	2150	1833.27	4	4	-1	1	
3	1	4	1	103	1	2150	1852.24	4	4	-1	1	
4	1	4	1	103	1	2150	1855.24	4	4	-1	1	
5	1	4	1	103	1	2150	1869.45	4	4	-1	1	
6	1	4	1	103	1	2150	1873.9	4	4	-1	1	
7	1	4	1	103	1	2150	1878.07	4	4	-1	1	
8	1	4	1	103	1	2150	1886.84	4	4	-1	1	
9	1	4	1	103	1	2150	1922.19	4	4	-1	1	
10	1	4	1	103	1	2150	1933.4	4	4	-1	1	
11	1	4	1	103	1	2150	1939.68	4	4	-1	1	
12	1	4	1	103	1	2150	1939.8	4	4	-1	1	
13	1	4	1	103	1	2150	1957.98	4	4	-1	1	
14	1	4	1	103	1	2150	1979.26	4	4	-1	1	
15	1	4	1	103	1	2150	1996.74	4	4	-1	1	
16	1	4	1	103	1	2150	2026.92	4	4	-1	1	
17	1	4	1	103	1	2150	2031.09	4	4	-1	1	
18	1	4	1	103	1	2150	2043.4	4	4	-1	1	
19	1	4	1	103	1	2150	2054.62	4	4	-1	1	
20	1	4	1	103	1	2150	2069.85	4	4	-1	1	
21	1	4	1	103	1	2150	2114.02	4	4	-1	1	
22	1	4	1	103	1	2150	2148.04	4	4	-1	1	
23	1	4	1	104	1	2510	2157.42	4	4	-1	1	
24	1	4	1	104	1	2510	2192.5	4	4	-1	1	
25	1	4	1	104	1	2510	2194.51	4	4	-1	1	
26	1	4	1	104	1	2510	2197.84	4	4	-1	1	
27	1	4	1	104	1	2510	2289.21	4	4	-1	1	
28	1	4	1	104	1	2510	2307.7	4	4	-1	1	
29	1	4	1	104	1	2510	2349.09	4	4	-1	1	
30	1	4	1	104	1	2510	2354.08	4	4	-1	1	
31	1	4	1	104	1	2510	2386.24	4	4	-1	1	
32	1	4	1	104	1	2510	2405.06	4	4	-1	1	
33	1	4	1	104	1	2510	2412.49	4	4	-1	1	
34	1	4	1	104	1	2510	2428.17	4	4	-1	1	
35	1	4	1	104	1	2510	2458.34	4	4	-1	1	
36	1	4	1	104	1	2510	2461.4	4	4	-1	1	
37	1	4	1	104	1	2510	2473.82	4	4	-1	1	
38	1	4	1	104	1	2510	2497.92	4	4	-1	1	
39	1	4	1	104	1	2510	2500.53	4	4	-1	1	
40	1	4	1	105	1	2870	2567.74	4	4	-1	1	
41	1	4	1	105	1	2870	2586.58	4	4	-1	1	
42	1	4	1	105	1	2870	2630.45	4	4	-1	1	
43	1	4	1	105	1	2870	2653.76	4	4	-1	1	
44	1	4	1	105	1	2870	2654.56	4	4	-1	1	
45	1	4	1	105	1	2870	2673.99	4	4	-1	1	
46	1	4	1	105	1	2870	2682.63	4	4	-1	1	
47	1	4	1	105	1	2870	2753.79	4	4	-1	1	
48	1	4	1	105	1	2870	2801.93	4	4	-1	1	
49	1	4	1	105	1	2870	2811.96	4	4	-1	1	
50	1	4	1	106	1	3230	2889.42	4	4	-1	1	
51	1	4	1	106	1	3230	2892.63	4	4	-1	1	
52	1	4	1	106	1	3230	2912.89	4	4	-1	1	
53	1	4	1	106	1	3230	2919.22	4	4	-1	1	
54	1	4	1	106	1	3230	2942.18	4	4	-1	1	
55	1	4	1	106	1	3230	2953.1	4	4	-1	1	
56	1	4	1	106	1	3230	2971.07	4	4	-1	1	
57	1	4	1	106	1	3230	2989.42	4	4	-1	1	
58	1	4	1	106	1	3230	3008.12	4	4	-1	1	
59	1	4	1	106	1	3230	3010.75	4	4	-1	1	
60	1	4	1	106	1	3230	3014.45	4	4	-1	1	
61	1	4	1	106	1	3230	3019.91	4	4	-1	1	
62	1	4	1	106	1	3230	3021.86	4	4	-1	1	
63	1	4	1	106	1	3230	3028.4	4	4	-1	1	
64	1	4	1	106	1	3230	3035.83	4	4	-1	1	
65	1	4	1	106	1	3230	3065.66	4	4	-1	1	
66	1	4	1	106	1	3230	3070.77	4	4	-1	1	
67	1	4	1	106	1	3230	3073.16	4	4	-1	1	
68	1	4	1	106	1	3230	3090.04	4	4	-1	1	
69	1	4	1	106	1	3230	3100.28	4	4	-1	1	
70	1	4	1	106	1	3230	3120.55	4	4	-1	1	
71	1	4	1	106	1	3230	3129.77	4	4	-1	1	
72	1	4	1	106	1	3230	3172.87	4	4	-1	1	
73	1	4	1	106	1	3230	3176.99	4	4	-1	1	
74	1	4	1	106	1	3230	3192.62	4	4	-1	1	
75	1	4	1	106	1	3230	3203.63	4	4	-1	1	
76	1	4	1	106	1	3230	3220.34	4	4	-1	1	
77	1	4	1	107	1	3590	3249.53	4	4	-1	1	
78	1	4	1	107	1	3590	3257.14	4	4	-1	1	
79	1	4	1	107	1	3590	3279.46	4	4	-1	1	
80	1	4	1	107	1	3590	3331.38	4	4	-1	1	
81	1	4	1	107	1	3590	3372.54	4	4	-1	1	
82	1	4	1	107	1	3590	3386.75	4	4	-1	1	
83	1	4	1	107	1	3590	3392.49	4	4	-1	1	
84	1	4	1	107	1	3590	3432.06	4	4	-1	1	
85	1	4	1	107	1	3590	3490.15	4	4	-1	1	
86	1	4	1	107	1	3590	3491.5	4	4	-1	1	
87	1	4	1	107	1	3590	3500.13	4	4	-1	1	
88	1	4	1	107	1	3590	3529.83	4	4	-1	1	
89	1	4	1	107	1	3590	3533.16	4	4	-1	1	
90	1	4	1	107	1	3590	3564.94	4	4	-1	1	
91	1	4	1	107	1	3590	3579.89	4	4	-1	1	
92	1	4	1	107	1	3590	3579.97	4	4	-1	1	
93	1	4	1	107	1	3590	3581.36	4	4	-1	1	
94	1	4	1	108	1	3950	3603.4	4	4	-1	1	
95	1	4	1	108	1	3950	3604.97	4	4	-1	1	
96	1	4	1	108	1	3950	3628.66	4	4	-1	1	
97	1	4	1	108	1	3950	3631.93	4	4	-1	1	
98	1	4	1	108	1	3950	3633.99	4	4	-1	1	
99	1	4	1	108	1	3950	3653.06	4	4	-1	1	
100	1	4	1	108	1	3950	3663.91	4	4	-1	1	
101	1	4	1	108	1	3950	3691.87	4	4	-1	1	
102	1	4	1	108	1	3950	3697.96	4	4	-1	1	
103	1	4	1	108	1	3950	3708.16	4	4	-1	1	
104	1	4	1	108	1	3950	3709.84	4	4	-1	1	
105	1	4	1	108	1	3950	3709.85	4	4	-1	1	
106	1	4	1	108	1	3950	3713.71	4	4	-1	1	
107	1	4	1	108	1	3950	3721.14	4	4	-1	1	
108	1	4	1	108	1	3950	3727.63	4	4	-1	1	
109	1	4	1	108	1	3950	3738.87	4	4	-1	1	
110	1	4	1	108	1	3950	3763.49	4	4	-1	1	
111	1	4	1	108	1	3950	3788.08	4	4	-1	1	
112	1	4	1	108	1	3950	3796.77	4	4	-1	1	
113	1	4	1	108	1	3950	3825.59	4	4	-1	1	
114	1	4	1	108	1	3950	3835.21	4	4	-1	1	
115	1	4	1	108	1	3950	3849.49	4	4	-1	1	
116	1	4	1	108	1	3950	3871.14	4	4	-1	1	
117	1	4	1	108	1	3950	3872.73	4	4	-1	1	
118	1	4	1	108	1	3950	3884.19	4	4	-1	1	
119	1	4	1	109	1	4310	3959.77	4	4	-1	1	
120	1	4	1	109	1	4310	3968.99	4	4	-1	1	
121	1	4	1	109	1	4310	3969.24	4	4	-1	1	
122	1	4	1	109	1	4310	3985.02	4	4	-1	1	
123	1	4	1	109	1	4310	3993.2	4	4	-1	1	
124	1	4	1	109	1	4310	4016.65	4	4	-1	1	
125	1	4	1	109	1	4310	4019.63	4	4	-1	1	
126	1	4	1	109	1	4310	4031.67	4	4	-1	1	
127	1	4	1	109	1	4310	4042.24	4	4	-1	1	
128	1	4	1	109	1	4310	4071.55	4	4	-1	1	
129	1	4	1	109	1	4310	4084.45	4	4	-1	1	
130	1	4	1	109	1	4310	4085.14	4	4	-1	1	
131	1	4	1	109	1	4310	4093.8	4	4	-1	1	
132	1	4	1	109	1	4310	4097.54	4	4	-1	1	
133	1	4	1	109	1	4310	4122.21	4	4	-1	1	
134	1	4	1	109	1	4310	4131.54	4	4	-1	1	
135	1	4	1	109	1	4310	4140.15	4	4	-1	1	
136	1	4	1	109	1	4310	4148.52	4	4	-1	1	
137	1	4	1	109	1	4310	4166.27	4	4	-1	1	
138	1	4	1	109	1	4310	4199.28	4	4	-1	1	
139	1	4	1	109	1	4310	4236.14	4	4	-1	1	
140	1	4	1	109	1	4310	4265.52	4	4	-1	1	
141	1	4	1	109	1	4310	4288.64	4	4	-1	1	
142	1	4	1	110	1	4670	4315.37	4	4	-1	1	
143	1	4	1	110	1	4670	4315.9	4	4	-1	1	
144	1	4	1	110	1	4670	4316.12	4	4	-1	1	
145	1	4	1	110	1	4670	4331.62	4	4	-1	1	
146	1	4	1	110	1	4670	4333.6	4	4	-1	1	
147	1	4	1	110	1	4670	4342.91	4	4	-1	1	
148	1	4	1	110	1	4670	4366.21	4	4	-1	1	
149	1	4	1	110	1	4670	4372.49	4	4	-1	1	
150	1	4	1	110	1	4670	4412.39	4	4	-1	1	
151	1	4	1	110	1	4670	4443.8	4	4	-1	1	
152	1	4	1	110	1	4670	4465.74	4	4	-1	1	
153	1	4	1	110	1	4670	4476.94	4	4	-1	1	
154	1	4	1	110	1	4670	4482.58	4	4	-1	1	
155	1	4	1	110	1	4670	4502.17	4	4	-1	1	
156	1	4	1	110	1	4670	4504.97	4	4	-1	1	
157	1	4	1	110	1	4670	4515.69	4	4	-1	1	
158	1	4	1	110	1	4670	4517.25	4	4	-1	1	
159	1	4	1	110	1	4670	4517.28	4	4	-1	1	
160	1	4	1	110	1	4670	4536.68	4	4	-1	1	
161	1	4	1	110	1	4670	4649.32	4	4	-1	1	
162	1	4	1	110	1	4670	4662.91	4	4	-1	1	
163	1	4	1	111	1	5030	4682.35	4	4	-1	1	
164	1	4	1	111	1	5030	4700.67	4	4	-1	1	
165	1	4	1	111	1	5030	4717.73	4	4	-1	1	
166	1	4	1	111	1	5030	4720.73	4	4	-1	1	
167	1	4	1	111	1	5030	4727.67	4	4	-1	1	
168	1	4	1	111	1	5030	4734.21	4	4	-1	1	
169	1	4	1	111	1	5030	4736.36	4	4	-1	1	
170	1	4	1	111	1	5030	4815.25	4	4	-1	1	
171	1	4	1	111	1	5030	4816.02	4	4	-1	1	
172	1	4	1	111	1	5030	4828.12	4	4	-1	1	
173	1	4	1	111	1	5030	4834.78	4	4	-1	1	
174	1	4	1	111	1	5030	4854.3	4	4	-1	1	
175	1	4	1	111	1	5030	4871.07	4	4	-1	1	
176	1	4	1	111	1	5030	4886.67	4	4	-1	1	
177	1	4	1	111	1	5030	4914.2	4	4	-1	1	
178	1	4	1	111	1	5030	4935.13	4	4	-1	1	
179	1	4	1	111	1	5030	4939.98	4	4	-1	1	
180	1	4	1	111	1	5030	4982.66	4	4	-1	1	
181	1	4	1	111	1	5030	4995.45	4	4	-1	1	
182	1	4	1	111	1	5030	5008.23	4	4	-1	1	
183	1	4	1	112	1	5390	5041.79	4	4	-1	1	
184	1	4	1	112	1	5390	5051.21	4	4	-1	1	
185	1	4	1	112	1	5390	5057.85	4	4	-1	1	
186	1	4	1	112	1	5390	5062.73	4	4	-1	1	
187	1	4	1	112	1	5390	5074.51	4	4	-1	1	
188	1	4	1	112	1	5390	5080.65	4	4	-1	1	
189	1	4	1	112	1	5390	5082.64	4	4	-1	1	
190	1	4	1	112	1	5390	5108.15	4	4	-1	1	
191	1	4	1	112	1	5390	5114.25	4	4	-1	1	
192	1	4	1	112	1	5390	5137.85	4	4	-1	1	
193	1	4	1	112	1	5390	5214.49	4	4	-1	1	
194	1	4	1	112	1	5390	5231.57	4	4	-1	1	
195	1	4	1	112	1	5390	5241.29	4	4	-1	1	
196	1	4	1	112	1	5390	5243.44	4	4	-1	1	
197	1	4	1	112	1	5390	5255.73	4	4	-1	1	
198	1	4	1	112	1	5390	5260.63	4	4	-1	1	
199	1	4	1	112	1	5390	5262.64	4	4	-1	1	
200	1	4	1	112	1	5390	5297.11	4	4	-1	1	
201	1	4	1	112	1	5390	5304.36	4	4	-1	1	
202	1	4	1	112	1	5390	5305.49	4	4	-1	1	
203	1	4	1	112	1	5390	5315.99	4	4	-1	1	
204	1	4	1	112	1	5390	5316.68	4	4	-1	1	
205	1	4	1	112	1	5390	5317.68	4	4	-1	1	
206	1	4	1	112	1	5390	5357.69	4	4	-1	1	
207	1	4	1	112	1	5390	5369.75	4	4	-1	1	
208	1	4	1	112	1	5390	5383.53	4	4	-1	1	
0	1	4	1	103	1	2150	1834.04	4	4	-1	1	
1	1	4	1	103	1	2150	1838.39	4	4	-1	1	
2	1	4	1	103	1	2150	1866.99	4	4	-1	1	
3	1	4	2	203	1	2150	1869.03	2	2	-1.41235	0.350248	3	-0.794402	0.649752	
4	1	4	1	103	1	2150	1876.59	4	4	-1	1	
5	1	4	1	103	1	2150	1887.71	4	4	-1	1	
6	1	4	1	103	1	2150	1890.82	4	4	-1	1	
7	1	4	2	203	1	2150	1904.78	2	2	-1.53383	0.391687	3	-1.0936	0.608313	
8	1	4	2	203	1	2150	1970.34	2	2	-1.78819	0.36352	3	-1.22808	0.63648	
9	1	4	1	103	1	2150	1983.74	4	4	-1	1	
10	1	4	1	103	1	2150	1991.62	4	4	-1	1	
11	1	4	1	103	1	2150	2003.14	4	4	-1	1	
12	1	4	1	103	1	2150	2021.47	4	4	-1	1	
13	1	4	2	203	1	2150	2035.59	2	2	-1.55371	0.395489	3	-1.12941	0.604511	
14	1	4	1	103	1	2150	2037.31	4	4	-1	1	
15	1	4	1	103	1	2150	2042.22	4	4	-1	1	
16	1	4	1	103	1	2150	2046.94	4	4	-1	1	
17	1	4	1	103	1	2150	2056.85	4	4	-1	1	
18	1	4	1	103	1	2150	2065.34	4	4	-1	1	
19	1	4	1	103	1	2150	2071.44	4	4	-1	1	
20	1	4	1	103	1	2150	2126.5	4	4	-1	1	
21	1	4	1	103	1	2150	2146.64	4	4	-1	1	
22	1	4	1	103	1	2150	2146.82	4	4	-1	1	
23	1	4	1	103	1	2150	2147.26	4	4	-1	1	
24	1	4	1	104	1	2510	2158.75	4	4	-1	1	
25	1	4	1	104	1	2510	2177.34	4	4	-1	1	
26	1	4	1	104	1	2510	2179	4	4	-1	1	
27	1	4	1	104	1	2510	2208.48	4	4	-1	1	
28	1	4	2	204	1	2510	2209.53	2	2	-1.14073	0.462024	3	-0.988534	0.537976	
29	1	4	1	104	1	2510	2215.43	4	4	-1	1	
30	1	4	1	104	1	2510	2225.98	4	4	-1	1	
31	1	4	1	104	1	2510	2287.02	4	4	-1	1	
32	1	4	1	104	1	2510	2358.27	4	4	-1	1	
33	1	4	1	104	1	2510	2361.9	4	4	-1	1	
34	1	4	1	104	1	2510	2371.09	4	4	-1	1	
35	1	4	1	104	1	2510	2381.31	4	4	-1	1	
36	1	4	1	104	1	2510	2388.47	4	4	-1	1	
37	1	4	1	104	1	2510	2399.71	4	4	-1	1	
38	1	4	1	104	1	2510	2406.31	4	4	-1	1	
39	1	4	1	104	1	2510	2450.2	4	4	-1	1	
40	1	4	1	104	1	2510	2452.91	4	4	-1	1	
41	1	4	2	204	1	2510	2469.2	2	2	-1.49617	0.483388	3	-1.4297	0.516612	
42	1	4	1	104	1	2510	2495.11	4	4	-1	1	
43	1	4	1	105	1	2870	2516.57	4	4	-1	1	
44	1	4	1	105	1	2870	2527.36	4	4	-1	1	
45	1	4	1	105	1	2870	2540.37	4	4	-1	1	
46	1	4	1	105	1	2870	2557.03	4	4	-1	1	
47	1	4	1	105	1	2870	2559.6	4	4	-1	1	
48	1	4	2	205	1	2870	2564.68	2	2	-2.0888	0.312906	3	-1.30224	0.687094	
49	1	4	2	205	1	2870	2577.79	2	2	-1.85348	0.316393	3	-1.08309	0.683607	
50	1	4	1	105	1	2870	2578.65	4	4	-1	1	
51	1	4	1	105	1	2870	2624.77	4	4	-1	1	
52	1	4	1	105	1	2870	2642.68	4	4	-1	1	
53	1	4	1	105	1	2870	2672.52	4	4	-1	1	
54	1	4	1	105	1	2870	2680.95	4	4	-1	1	
55	1	4	1	105	1	2870	2695.86	4	4	-1	1	
56	1	4	1	105	1	2870	2721.76	4	4	-1	1	
57	1	4	2	205	1	2870	2722.13	2	2	-1.41693	0.342798	3	-0.766076	0.657202	
58	1	4	1	105	1	2870	2725.13	4	4	-1	1	
59	1	4	2	205	1	2870	2729.07	2	2	-1.81195	0.3457	3	-1.17395	0.6543	
60	1	4	1	105	1	2870	2746.52	4	4	-1	1	
61	1	4	2	205	1	2870	2749.69	2	2	-1.95265	0.36481	3	-1.3981	0.63519	
62	1	4	1	105	1	2870	2752.45	4	4	-1	1	
63	1	4	2	205	1	2870	2777.93	2	2	-2.11325	0.266466	3	-1.10063	0.733534	
64	1	4	1	105	1	2870	2780.8	4	4	-1	1	
65	1	4	1	105	1	2870	2814.17	4	4	-1	1	
66	1	4	1	105	1	2870	2823.56	4	4	-1	1	
67	1	4	1	105	1	2870	2835.33	4	4	-1	1	
68	1	4	2	205	1	2870	2864.92	2	2	-1.75682	0.341898	3	-1.10197	0.658102	
69	1	4	1	106	1	3230	2885.04	4	4	-1	1	
70	1	4	1	106	1	3230	2907.02	4	4	-1	1	
71	1	4	1	106	1	3230	2919.82	4	4	-1	1	
72	1	4	1	106	1	3230	2935.11	4	4	-1	1	
73	1	4	2	206	1	3230	2945.35	2	2	-1.5658	0.43002	3	-1.28403	0.56998	
74	1	4	2	206	1	3230	2957.48	2	2	-1.4983	0.399552	3	-1.09097	0.600448	
75	1	4	1	106	1	3230	2961.08	4	4	-1	1	
76	1	4	1	106	1	3230	2971.33	4	4	-1	1	
77	1	4	2	206	1	3230	2985.98	2	2	-1.78523	0.326076	3	-1.05925	0.673924	
78	1	4	2	206	1	3230	3011.36	2	2	-1.94899	0.308085	3	-1.13991	0.691915	
79	1	4	2	206	1	3230	3029.13	2	2	-1.62695	0.42736	3	-1.33431	0.57264	
80	1	4	2	206	1	3230	3038.21	2	2	-1.68631	0.327693	3	-0.967669	0.672307	
81	1	4	2	206	1	3230	3047.5	2	2	-1.46281	0.446524	3	-1.24808	0.553476	
82	1	4	1	106	1	3230	3054.43	4	4	-1	1	
83	1	4	1	106	1	3230	3070.52	4	4	-1	1	
84	1	4	1	106	1	3230	3111.48	4	4	-1	1	
85	1	4	1	106	1	3230	3117.9	4	4	-1	1	
86	1	4	1	106	1	3230	3190.34	4	4	-1	1	
87	1	4	1	106	1	3230	3222.32	4	4	-1	1	
88	1	4	1	107	1	3590	3244.54	4	4	-1	1	
89	1	4	1	107	1	3590	3270.67	4	4	-1	1	
90	1	4	1	107	1	3590	3277.11	4	4	-1	1	
91	1	4	1	107	1	3590	3289.61	4	4	-1	1	
92	1	4	1	107	1	3590	3332.75	4	4	-1	1	
93	1	4	1	107	1	3590	3341.64	4	4	-1	1	
94	1	4	1	107	1	3590	3356.07	4	4	-1	1	
95	1	4	2	207	1	3590	3384.99	2	2	-1.00868	0.532076	3	-1.13716	0.467924	
96	1	4	1	107	1	3590	3401.94	4	4	-1	1	
97	1	4	1	107	1	3590	3403.75	4	4	-1	1	
98	1	4	1	107	1	3590	3418.01	4	4	-1	1	
99	1	4	1	107	1	3590	3432.48	4	4	-1	1	
100	1	4	1	107	1	3590	3476.35	4	4	-1	1	
101	1	4	1	107	1	3590	3483.78	4	4	-1	1	
102	1	4	1	107	1	3590	3492.99	4	4	-1	1	
103	1	4	1	107	1	3590	3504.3	4	4	-1	1	
104	1	4	1	107	1	3590	3561.67	4	4	-1	1	
105	1	4	1	108	1	3950	3593.33	4	4	-1	1	
106	1	4	1	108	1	3950	3595.27	4	4	-1	1	
107	1	4	1	108	1	3950	3606.47	4	4	-1	1	
108	1	4	1	108	1	3950	3614.28	4	4	-1	1	
109	1	4	1	108	1	3950	3619.9	4	4	-1	1	
110	1	4	1	108	1	3950	3661.61	4	4	-1	1	
111	1	4	1	108	1	3950	3673.5	4	4	-1	1	
112	1	4	1	108	1	3950	3699.61	4	4	-1	1	
113	1	4	1	108	1	3950	3728.95	4	4	-1	1	
114	1	4	1	108	1	3950	3731.52	4	4	-1	1	
115	1	4	1	108	1	3950	3768.34	4	4	-1	1	
116	1	4	1	108	1	3950	3787.08	4	4	-1	1	
117	1	4	1	108	1	3950	3802.1	4	4	-1	1	
118	1	4	1	108	1	3950	3821.49	4	4	-1	1	
119	1	4	1	108	1	3950	3844.07	4	4	-1	1	
120	1	4	1	108	1	3950	3857.91	4	4	-1	1	
121	1	4	2	208	1	3950	3897.48	2	2	-1.44957	0.431225	3	-1.17271	0.568775	
122	1	4	1	108	1	3950	3931.77	4	4	-1	1	
123	1	4	1	109	1	4310	4006.97	4	4	-1	1	
124	1	4	2	209	1	4310	4007.15	2	2	-1.18976	0.567955	3	-1.46327	0.432045	
125	1	4	1	109	1	4310	4015.19	4	4	-1	1	
126	1	4	1	109	1	4310	4048.19	4	4	-1	1	
127	1	4	1	109	1	4310	4055.03	4	4	-1	1	
128	1	4	1	109	1	4310	4085.08	4	4	-1	1	
129	1	4	1	109	1	4310	4096.82	4	4	-1	1	
130	1	4	1	109	1	4310	4134.42	4	4	-1	1	
131	1	4	1	109	1	4310	4157.51	4	4	-1	1	
132	1	4	1	109	1	4310	4158.63	4	4	-1	1	
133	1	4	1	109	1	4310	4166.59	4	4	-1	1	
134	1	4	1	109	1	4310	4187.92	4	4	-1	1	
135	1	4	1	109	1	4310	4192.71	4	4	-1	1	
136	1	4	1	109	1	4310	4194.85	4	4	-1	1	
137	1	4	1	109	1	4310	4209.35	4	4	-1	1	
138	1	4	1	109	1	4310	4211.27	4	4	-1	1	
139	1	4	1	109	1	4310	4214.54	4	4	-1	1	
140	1	4	1	109	1	4310	4226.88	4	4	-1	1	
141	1	4	1	109	1	4310	4233.07	4	4	-1	1	
142	1	4	1	109	1	4310	4253.45	4	4	-1	1	
143	1	4	1	109	1	4310	4263.82	4	4	-1	1	
144	1	4	1	109	1	4310	4279.37	4	4	-1	1	
145	1	4	1	109	1	4310	4280.01	4	4	-1	1	
146	1	4	1	109	1	4310	4309.97	4	4	-1	1	
147	1	4	1	110	1	4670	4327.26	4	4	-1	1	
148	1	4	1	110	1	4670	4342.43	4	4	-1	1	
149	1	4	1	110	1	4670	4348.36	4	4	-1	1	
150	1	4	1	110	1	4670	4356.04	4	4	-1	1	
151	1	4	1	110	1	4670	4356.68	4	4	-1	1	
152	1	4	1	110	1	4670	4362.51	4	4	-1	1	
153	1	4	2	210	1	4670	4370.43	2	2	-1.8522	0.319838	3	-1.09768	0.680162	
154	1	4	1	110	1	4670	4387.01	4	4	-1	1	
155	1	4	1	110	1	4670	4389.34	4	4	-1	1	
156	1	4	1	110	1	4670	4467.83	4	4	-1	1	
157	1	4	1	110	1	4670	4485.6	4	4	-1	1	
158	1	4	1	110	1	4670	4488.85	4	4	-1	1	
159	1	4	1	110	1	4670	4501.56	4	4	-1	1	
160	1	4	1	110	1	4670	4512.34	4	4	-1	1	
161	1	4	1	110	1	4670	4549.65	4	4	-1	1	
162	1	4	1	110	1	4670	4555.47	4	4	-1	1	
163	1	4	1	110	1	4670	4570.7	4	4	-1	1	
164	1	4	1	110	1	4670	4602.99	4	4	-1	1	
165	1	4	1	110	1	4670	4605.83	4	4	-1	1	
166	1	4	1	110	1	4670	4619.04	4	4	-1	1	
167	1	4	1	110	1	4670	4633.37	4	4	-1	1	
168	1	4	1	110	1	4670	4638.51	4	4	-1	1	
169	1	4	1	110	1	4670	4641.17	4	4	-1	1	
170	1	4	2	210	1	4670	4652.21	2	2	-1.90237	0.317394	3	-1.13659	0.682606	
171	1	4	1	110	1	4670	4660.9	4	4	-1	1	
172	1	4	1	111	1	5030	4672.23	4	4	-1	1	
173	1	4	1	111	1	5030	4681.63	4	4	-1	1	
174	1	4	1	111	1	5030	4704.1	4	4	-1	1	
175	1	4	1	111	1	5030	4712.44	4	4	-1	1	
176	1	4	1	111	1	5030	4718.73	4	4	-1	1	
177	1	4	1	111	1	5030	4743.97	4	4	-1	1	
178	1	4	1	111	1	5030	4775.01	4	4	-1	1	
179	1	4	1	111	1	5030	4782.83	4	4	-1	1	
180	1	4	1	111	1	5030	4801.46	4	4	-1	1	
181	1	4	1	111	1	5030	4810.42	4	4	-1	1	
182	1	4	1	111	1	5030	4815.12	4	4	-1	1	
183	1	4	1	111	1	5030	4841.53	4	4	-1	1	
184	1	4	2	211	1	5030	4918.39	2	2	-1.62643	0.332522	3	-0.92963	0.667478	
185	1	4	1	111	1	5030	4919	4	4	-1	1	
186	1	4	1	111	1	5030	4920.97	4	4	-1	1	
187	1	4	1	111	1	5030	4938.52	4	4	-1	1	
188	1	4	2	211	1	5030	4940.99	2	2	-1.38927	0.522425	3	-1.47904	0.477575	
189	1	4	1	111	1	5030	4977.36	4	4	-1	1	
190	1	4	2	211	1	5030	4984.01	2	2	-1.69823	0.316877	3	-0.930071	0.683123	
191	1	4	1	111	1	5030	4985.24	4	4	-1	1	
192	1	4	1	111	1	5030	4995.61	4	4	-1	1	
193	1	4	1	111	1	5030	5006.14	4	4	-1	1	
194	1	4	1	111	1	5030	5022.17	4	4	-1	1	
195	1	4	1	111	1	5030	5027.2	4	4	-1	1	
196	1	4	1	112	1	5390	5031.41	4	4	-1	1	
197	1	4	1	112	1	5390	5048.6	4	4	-1	1	
198	1	4	1	112	1	5390	5072.08	4	4	-1	1	
199	1	4	1	112	1	5390	5133.3	4	4	-1	1	
200	1	4	1	112	1	5390	5143.94	4	4	-1	1	
201	1	4	1	112	1	5390	5146.49	4	4	-1	1	
202	1	4	1	112	1	5390	5238.85	4	4	-1	1	
203	1	4	1	112	1	5390	5270.38	4	4	-1	1	
204	1	4	2	212	1	5390	5287.97	2	2	-1.33758	0.513566	3	-1.39186	0.486434	
205	1	4	1	112	1	5390	5312.2	4	4	-1	1	
206	1	4	1	112	1	5390	5316.62	4	4	-1	1	
207	1	4	1	112	1	5390	5321.59	4	4	-1	1	
208	1	4	1	112	1	5390	5321.75	4	4	-1	1	
209	1	4	1	112	1	5390	5331.38	4	4	-1	1	
210	1	4	1	112	1	5390	5335.87	4	4	-1	1	
211	1	4	1	112	1	5390	5365.02	4	4	-1	1	
212	1	4	1	112	1	5390	5373.05	4	4	-1	1	
213	1	4	1	112	1	5390	5388.02	4	4	-1	1	
3	1	4	3	303	2	3230.1	1869.03	4	4	-0.32	1	
7	1	4	3	303	2	3230.1	1904.78	4	4	-0.32	1	
8	1	4	3	303	2	3230.1	1970.34	4	4	-0.32	1	
13	1	4	3	303	2	3230.1	2035.59	4	4	-0.32	1	
28	1	4	3	303	2	3230.1	2209.53	4	4	-0.32	1	
41	1	4	3	303	2	3230.1	2469.2	4	4	-0.32	1	
48	1	4	3	304	2	4130.1	2564.68	4	4	-0.32	1	
49	1	4	3	304	2	4130.1	2577.79	4	4	-0.32	1	
57	1	4	3	304	2	4130.1	2722.13	4	4	-0.32	1	
59	1	4	3	304	2	4130.1	2729.07	4	4	-0.32	1	
61	1	4	3	304	2	4130.1	2749.69	4	4	-0.32	1	
63	1	4	3	304	2	4130.1	2777.93	4	4	-0.32	1	
68	1	4	3	304	2	4130.1	2864.92	4	4	-0.32	1	
73	1	4	3	304	2	4130.1	2945.35	4	4	-0.32	1	
74	1	4	3	304	2	4130.1	2957.48	4	4	-0.32	1	
77	1	4	3	304	2	4130.1	2985.98	4	4	-0.32	1	
78	1	4	3	304	2	4130.1	3011.36	4	4	-0.32	1	
79	1	4	3	304	2	4130.1	3029.13	4	4	-0.32	1	
80	1	4	3	304	2	4130.1	3038.21	4	4	-0.32	1	
81	1	4	3	304	2	4130.1	3047.5	4	4	-0.32	1	
95	1	4	3	304	2	4130.1	3384.99	4	4	-0.32	1	
121	1	4	3	305	2	5030.1	3897.48	4	4	-0.32	1	
124	1	4	3	305	2	5030.1	4007.15	4	4	-0.32	1	
0	1	4	2	203	1	2150	1808.54	3	2	-1.83566	0.381523	3	-1.35257	0.618477	
1	1	4	2	203	1	2150	1832.31	3	2	-1.88866	0.361327	3	-1.31906	0.638673	
2	1	4	2	203	1	2150	1835.14	3	2	-1.83252	0.330132	3	-1.12493	0.669868	
3	1	4	2	203	1	2150	1864.25	3	2	-1.48955	0.399408	3	-1.08162	0.600592	
4	1	4	2	203	1	2150	1874.53	3	2	-1.61598	0.415453	3	-1.27451	0.584547	
5	1	4	2	203	1	2150	1900.12	3	2	-1.26974	0.410615	3	-0.908314	0.589385	
6	1	4	2	203	1	2150	1900.48	3	2	-1.49388	0.445905	3	-1.27665	0.554095	
7	1	4	2	203	1	2150	1960.85	3	2	-1.59208	0.396612	3	-1.17248	0.603388	
8	1	4	2	203	1	2150	1985.94	3	2	-1.57538	0.42071	3	-1.25552	0.57929	
9	1	4	2	203	1	2150	1993.81	3	2	-1.28039	0.401915	3	-0.882902	0.598085	
10	1	4	2	203	1	2150	2009.58	3	2	-1.54351	0.398833	3	-1.13318	0.601167	
11	1	4	2	203	1	2150	2046.02	3	2	-1.38679	0.391463	3	-0.945628	0.608537	
12	1	4	2	203	1	2150	2051.66	3	2	-1.38358	0.416615	3	-1.0469	0.583385	
13	1	4	2	203	1	2150	2060.41	3	2	-1.5162	0.351382	3	-0.903227	0.648618	
14	1	4	2	203	1	2150	2060.98	3	2	-1.40668	0.406477	3	-1.02813	0.593523	
15	1	4	2	203	1	2150	2088.6	3	2	-1.71395	0.38311	3	-1.23758	0.61689	
16	1	4	2	203	1	2150	2096.48	3	2	-1.1987	0.381086	3	-0.71376	0.618914	
17	1	4	2	203	1	2150	2123.71	3	2	-1.64465	0.387869	3	-1.18837	0.612131	
18	1	4	2	203	1	2150	2136.5	3	2	-1.80024	0.334916	3	-1.1142	0.665084	
19	1	4	1	104	1	2510	2174.75	4	4	-1	1	
20	1	4	2	204	1	2510	2183.97	3	2	-0.984705	0.486217	3	-0.929558	0.513783	
21	1	4	1	104	1	2510	2186.73	4	4	-1	1	
22	1	4	2	204	1	2510	2217.27	3	2	-1.411	0.442285	3	-1.17911	0.557715	
23	1	4	1	104	1	2510	2218.22	4	4	-1	1	
24	1	4	2	204	1	2510	2243.16	3	2	-1.0506	0.474551	3	-0.948715	0.525449	
25	1	4	2	204	1	2510	2263.99	3	2	-1.3585	0.452802	3	-1.16914	0.547198	
26	1	4	2	204	1	2510	2271.75	3	2	-1.16167	0.463395	3	-1.01499	0.536605	
27	1	4	2	204	1	2510	2288.02	3	2	-1.16154	0.452162	3	-0.969602	0.547838	
28	1	4	2	204	1	2510	2304.78	3	2	-1.31175	0.48035	3	-1.23311	0.51965	
29	1	4	1	104	1	2510	2324.96	4	4	-1	1	
30	1	4	1	104	1	2510	2346.17	4	4	-1	1	
31	1	4	2	204	1	2510	2350.13	3	2	-1.10358	0.492063	3	-1.07183	0.507937	
32	1	4	2	204	1	2510	2387.21	3	2	-1.60498	0.464039	3	-1.46089	0.535961	
33	1	4	2	204	1	2510	2402.36	3	2	-1.45122	0.447272	3	-1.23951	0.552728	
34	1	4	2	204	1	2510	2404.84	3	2	-1.59035	0.393432	3	-1.15744	0.606568	
35	1	4	2	204	1	2510	2427.84	3	2	-1.11652	0.416514	3	-0.779414	0.583486	
36	1	4	2	204	1	2510	2440.45	3	2	-1.27531	0.431588	3	-0.999935	0.568412	
37	1	4	2	204	1	2510	2448.23	3	2	-0.958569	0.481256	3	-0.883559	0.518744	
38	1	4	2	204	1	2510	2456.45	3	2	-1.21873	0.477405	3	-1.12829	0.522595	
39	1	4	1	104	1	2510	2460.86	4	4	-1	1	
40	1	4	2	204	1	2510	2461.49	3	2	-1.48992	0.450098	3	-1.28964	0.549902	
41	1	4	2	204	1	2510	2463.88	3	2	-1.27505	0.448523	3	-1.06841	0.551477	
42	1	4	2	204	1	2510	2465.43	3	2	-1.12099	0.452247	3	-0.929392	0.547753	
43	1	4	1	104	1	2510	2501.07	4	4	-1	1	
44	1	4	2	204	1	2510	2509.66	3	2	-1.43277	0.485492	3	-1.37472	0.514508	
45	1	4	2	205	1	2870	2515.28	3	2	-1.54392	0.360728	3	-0.971714	0.639272	
46	1	4	2	205	1	2870	2525.84	3	2	-1.42199	0.413468	3	-1.07234	0.586532	
47	1	4	2	205	1	2870	2526.95	3	2	-1.86114	0.337546	3	-1.18689	0.662454	
48	1	4	2	205	1	2870	2548.32	3	2	-1.45607	0.342923	3	-0.805778	0.657077	
49	1	4	2	205	1	2870	2582.19	3	2	-1.74658	0.361308	3	-1.17689	0.638692	
50	1	4	2	205	1	2870	2667.44	3	2	-1.72072	0.377522	3	-1.22065	0.622478	
51	1	4	2	205	1	2870	2675.16	3	2	-2.04903	0.315555	3	-1.27476	0.684445	
52	1	4	1	105	1	2870	2714.48	4	4	-1	1	
53	1	4	2	205	1	2870	2716.02	3	2	-1.99565	0.319859	3	-1.24123	0.680141	
54	1	4	2	205	1	2870	2731.1	3	2	-1.8286	0.3908	3	-1.38465	0.6092	
55	1	4	2	205	1	2870	2737	3	2	-1.55236	0.358294	3	-0.969587	0.641706	
56	1	4	2	205	1	2870	2752.62	3	2	-1.30211	0.4003	3	-0.897901	0.5997	
57	1	4	2	205	1	2870	2761.29	3	2	-1.77661	0.305243	3	-0.954154	0.694757	
58	1	4	2	205	1	2870	2775.28	3	2	-1.66219	0.295529	3	-0.793505	0.704471	
59	1	4	2	205	1	2870	2792	3	2	-1.7455	0.354391	3	-1.14571	0.645609	
60	1	4	2	205	1	2870	2792.69	3	2	-1.94427	0.318355	3	-1.18293	0.681645	
61	1	4	2	205	1	2870	2817.93	3	2	-1.92768	0.28464	3	-1.00611	0.71536	
62	1	4	2	205	1	2870	2845.03	3	2	-1.44647	0.37832	3	-0.949789	0.62168	
63	1	4	2	205	1	2870	2860.74	3	2	-2.65523	0.236873	3	-1.48533	0.763127	
64	1	4	2	206	1	3230	2900.05	3	2	-1.65727	0.418652	3	-1.32896	0.581348	
65	1	4	2	206	1	3230	2904.54	3	2	-1.55972	0.381045	3	-1.0746	0.618955	
66	1	4	2	206	1	3230	2922.08	3	2	-1.45973	0.424144	3	-1.15395	0.575856	
67	1	4	2	206	1	3230	2931.74	3	2	-1.50239	0.350609	3	-0.886025	0.649391	
68	1	4	2	206	1	3230	2947.38	3	2	-1.75591	0.403958	3	-1.36691	0.596042	
69	1	4	2	206	1	3230	2987.61	3	2	-1.46975	0.415932	3	-1.13026	0.584068	
70	1	4	2	206	1	3230	3004.03	3	2	-1.72727	0.288826	3	-0.826181	0.711174	
71	1	4	2	206	1	3230	3013.25	3	2	-1.19402	0.448991	3	-0.989273	0.551009	
72	1	4	2	206	1	3230	3072.85	3	2	-1.17638	0.492405	3	-1.146	0.507595	
73	1	4	2	206	1	3230	3073.67	3	2	-1.49827	0.422821	3	-1.18707	0.577179	
74	1	4	2	206	1	3230	3074.51	3	2	-1.29877	0.484402	3	-1.23636	0.515598	
75	1	4	2	206	1	3230	3085.77	3	2	-1.32687	0.430735	3	-1.04802	0.569265	
76	1	4	2	206	1	3230	3100.98	3	2	-1.57113	0.366161	3	-1.0224	0.633839	
77	1	4	2	206	1	3230	3113.54	3	2	-1.29639	0.4978	3	-1.28759	0.5022	
78	1	4	2	206	1	3230	3185.58	3	2	-1.60372	0.342686	3	-0.952375	0.657314	
79	1	4	2	206	1	3230	3195.11	3	2	-1.47658	0.337994	3	-0.804332	0.662006	
80	1	4	2	206	1	3230	3200.64	3	2	-1.35728	0.429197	3	-1.07215	0.570803	
81	1	4	2	206	1	3230	3216.59	3	2	-1.70721	0.342783	3	-1.05629	0.657217	
82	1	4	2	206	1	3230	3223.13	3	2	-1.60039	0.373304	3	-1.08233	0.626696	
83	1	4	2	206	1	3230	3223.94	3	2	-1.66959	0.366615	3	-1.12282	0.633385	
84	1	4	2	206	1	3230	3227.72	3	2	-1.39148	0.441944	3	-1.15821	0.558056	
85	1	4	2	206	1	3230	3229.34	3	2	-1.58407	0.367147	3	-1.0396	0.632853	
86	1	4	2	207	1	3590	3258	3	2	-1.02769	0.540167	3	-1.18871	0.459833	
87	1	4	2	207	1	3590	3259.3	3	2	-1.48304	0.425153	3	-1.18138	0.574847	
88	1	4	1	107	1	3590	3259.33	4	4	-1	1	
89	1	4	2	207	1	3590	3278.65	3	2	-1.1805	0.460694	3	-1.02295	0.539306	
90	1	4	2	207	1	3590	3322.04	3	2	-1.02991	0.483574	3	-0.964178	0.516426	
91	1	4	1	107	1	3590	3335.9	4	4	-1	1	
92	1	4	2	207	1	3590	3336.65	3	2	-1.16623	0.530845	3	-1.28977	0.469155	
93	1	4	2	207	1	3590	3348.11	3	2	-1.205	0.388032	3	-0.749409	0.611968	
94	1	4	2	207	1	3590	3356.93	3	2	-1.17908	0.4847	3	-1.11786	0.5153	
95	1	4	1	107	1	3590	3359.09	4	4	-1	1	
96	1	4	2	207	1	3590	3377.68	3	2	-1.38208	0.466667	3	-1.24855	0.533333	
97	1	4	1	107	1	3590	3379.68	4	4	-1	1	
98	1	4	2	207	1	3590	3381.21	3	2	-1.07982	0.545367	3	-1.26179	0.454633	
99	1	4	2	207	1	3590	3383.17	3	2	-1.20536	0.378743	3	-0.710476	0.621257	
100	1	4	2	207	1	3590	3393.72	3	2	-1.248	0.442858	3	-1.01843	0.557142	
101	1	4	2	207	1	3590	3426.33	3	2	-1.0223	0.56141	3	-1.26918	0.43859	
102	1	4	2	207	1	3590	3431.83	2	2	-0.976079	0.572836	3	-1.26951	0.427164	
103	1	4	2	207	1	3590	3445.94	3	2	-1.20842	0.482698	3	-1.13919	0.517302	
104	1	4	2	207	1	3590	3447.48	3	2	-1.12514	0.520129	3	-1.20571	0.479871	
105	1	4	2	207	1	3590	3470.68	3	2	-1.17025	0.527837	3	-1.28172	0.472163	
106	1	4	1	107	1	3590	3479.97	4	4	-1	1	
107	1	4	2	207	1	3590	3482.59	3	2	-1.18719	0.481252	3	-1.11216	0.518748	
108	1	4	2	207	1	3590	3530.9	3	2	-1.24937	0.562299	3	-1.49986	0.437701	
109	1	4	2	207	1	3590	3550.09	3	2	-1.14686	0.501154	3	-1.15147	0.498846	
110	1	4	2	207	1	3590	3552.68	3	2	-1.14227	0.441973	3	-0.909113	0.558027	
111	1	4	2	207	1	3590	3578.02	3	2	-1.10176	0.464164	3	-0.958168	0.535836	
112	1	4	2	208	1	3950	3614.82	3	2	-1.46628	0.369386	3	-0.931427	0.630614	
113	1	4	2	208	1	3950	3663.33	3	2	-1.63394	0.38994	3	-1.18637	0.61006	
114	1	4	2	208	1	3950	3682.96	3	2	-1.61859	0.386645	3	-1.15715	0.613355	
115	1	4	2	208	1	3950	3683.56	3	2	-1.4482	0.463205	3	-1.30075	0.536795	
116	1	4	2	208	1	3950	3705.23	3	2	-1.79461	0.263785	3	-0.768218	0.736215	
117	1	4	2	208	1	3950	3715.29	3	2	-1.5086	0.464609	3	-1.3668	0.535391	
118	1	4	2	208	1	3950	3734.29	3	2	-1.54494	0.364629	3	-0.989614	0.635371	
119	1	4	2	208	1	3950	3747.26	3	2	-1.58762	0.340681	3	-0.927358	0.659319	
120	1	4	2	208	1	3950	3793.59	3	2	-1.98049	0.265026	3	-0.960482	0.734974	
121	1	4	2	208	1	3950	3798.72	3	2	-1.68109	0.339117	3	-1.01386	0.660883	
122	1	4	2	208	1	3950	3802.63	3	2	-1.28269	0.494126	3	-1.2592	0.505874	
123	1	4	2	208	1	3950	3807.56	3	2	-1.56991	0.405352	3	-1.1867	0.594648	
124	1	4	2	208	1	3950	3818.29	3	2	-1.78526	0.431637	3	-1.51009	0.568363	
125	1	4	2	208	1	3950	3825.79	3	2	-1.79135	0.339087	3	-1.12398	0.660913	
126	1	4	2	208	1	3950	3870.74	3	2	-1.85824	0.350448	3	-1.24117	0.649552	
127	1	4	2	208	1	3950	3871.13	3	2	-1.87317	0.341988	3	-1.21873	0.658012	
128	1	4	2	208	1	3950	3879.43	3	2	-1.57482	0.423293	3	-1.26556	0.576707	
129	1	4	2	208	1	3950	3889.09	3	2	-1.66827	0.324401	3	-0.934651	0.675599	
130	1	4	2	208	1	3950	3897.84	3	2	-1.89523	0.287589	3	-0.988106	0.712411	
131	1	4	2	208	1	3950	3904.03	3	2	-1.80336	0.338157	3	-1.13184	0.661843	
132	1	4	2	208	1	3950	3917.04	3	2	-1.44394	0.508466	3	-1.47781	0.491534	
133	1	4	2	209	1	4310	3962.93	3	2	-1.00683	0.52639	3	-1.11249	0.47361	
134	1	4	2	209	1	4310	3964.33	3	2	-1.3205	0.473174	3	-1.2131	0.526826	
135	1	4	2	209	1	4310	3973.47	3	2	-1.32593	0.461109	3	-1.17005	0.538891	
136	1	4	1	109	1	4310	3975.9	4	4	-1	1	
137	1	4	2	209	1	4310	4006.3	3	2	-1.42108	0.41989	3	-1.09786	0.58011	
138	1	4	1	109	1	4310	4017.87	4	4	-1	1	
139	1	4	1	109	1	4310	4040.57	4	4	-1	1	
140	1	4	2	209	1	4310	4051.71	3	2	-0.974369	0.52279	3	-1.06559	0.47721	
141	1	4	1	109	1	4310	4059.79	4	4	-1	1	
142	1	4	2	209	1	4310	4076.95	3	2	-1.20619	0.483048	3	-1.13836	0.516952	
143	1	4	1	109	1	4310	4092.65	4	4	-1	1	
144	1	4	1	109	1	4310	4128.87	4	4	-1	1	
145	1	4	2	209	1	4310	4139.41	3	2	-1.25025	0.517824	3	-1.32158	0.482176	
146	1	4	2	209	1	4310	4148.65	3	2	-1.49208	0.427972	3	-1.20196	0.572028	
147	1	4	2	209	1	4310	4154.97	3	2	-1.63687	0.396398	3	-1.21637	0.603602	
148	1	4	2	209	1	4310	4192.47	3	2	-1.46001	0.450276	3	-1.26046	0.549724	
149	1	4	2	209	1	4310	4217.24	3	2	-1.4748	0.385525	3	-1.00864	0.614475	
150	1	4	2	209	1	4310	4217.83	3	2	-1.33932	0.550124	3	-1.54049	0.449876	
151	1	4	2	209	1	4310	4219.3	3	2	-1.70926	0.353542	3	-1.10575	0.646458	
152	1	4	1	109	1	4310	4231.52	4	4	-1	1	
153	1	4	1	109	1	4310	4240.1	4	4	-1	1	
154	1	4	2	209	1	4310	4245.72	3	2	-1.18308	0.446499	3	-0.968248	0.553501	
155	1	4	2	209	1	4310	4256.29	3	2	-1.18483	0.55586	3	-1.4092	0.44414	
156	1	4	1	109	1	4310	4285.75	4	4	-1	1	
157	1	4	1	109	1	4310	4298.49	4	4	-1	1	
158	1	4	2	209	1	4310	4298.71	3	2	-1.1458	0.528345	3	-1.2593	0.471655	
159	1	4	2	209	1	4310	4304.26	3	2	-1.38203	0.458962	3	-1.21751	0.541038	
160	1	4	2	210	1	4670	4338.51	3	2	-1.94863	0.278058	3	-0.994512	0.721942	
161	1	4	2	210	1	4670	4353.52	3	2	-2.01618	0.286115	3	-1.10185	0.713885	
162	1	4	2	210	1	4670	4358.7	3	2	-1.81339	0.354146	3	-1.21252	0.645854	
163	1	4	2	210	1	4670	4363.09	3	2	-1.71623	0.311734	3	-0.924211	0.688266	
164	1	4	2	210	1	4670	4412.92	3	2	-1.92865	0.323707	3	-1.19187	0.676293	
165	1	4	2	210	1	4670	4419.34	3	2	-1.70658	0.383339	3	-1.23118	0.616661	
166	1	4	2	210	1	4670	4434.21	3	2	-1.98946	0.316805	3	-1.22097	0.683195	
167	1	4	1	110	1	4670	4434.87	4	4	-1	1	
168	1	4	2	210	1	4670	4453.5	3	2	-1.53236	0.419663	3	-1.2082	0.580337	
169	1	4	2	210	1	4670	4464.17	3	2	-1.92063	0.340937	3	-1.26151	0.659063	
170	1	4	2	210	1	4670	4479.88	3	2	-1.41898	0.407717	3	-1.04557	0.592283	
171	1	4	2	210	1	4670	4504.64	3	2	-1.84832	0.275198	3	-0.879915	0.724802	
172	1	4	2	210	1	4670	4508.76	3	2	-1.93855	0.278275	3	-0.985519	0.721725	
173	1	4	1	110	1	4670	4539.19	4	4	-1	1	
174	1	4	2	210	1	4670	4541.26	3	2	-1.4484	0.448729	3	-1.24259	0.551271	
175	1	4	2	210	1	4670	4589.45	3	2	-2.04944	0.297034	3	-1.18798	0.702966	
176	1	4	2	210	1	4670	4600.16	3	2	-1.45004	0.387635	3	-0.992772	0.612365	
177	1	4	2	211	1	5030	4694.3	3	2	-1.47295	0.412636	3	-1.11988	0.587364	
178	1	4	2	211	1	5030	4711.69	3	2	-1.61677	0.338172	3	-0.945318	0.661828	
179	1	4	2	211	1	5030	4744.35	3	2	-1.30416	0.47939	3	-1.22167	0.52061	
180	1	4	2	211	1	5030	4761.12	3	2	-1.3553	0.367882	3	-0.813989	0.632118	
181	1	4	2	211	1	5030	4761.18	3	2	-1.48655	0.406213	3	-1.10691	0.593787	
182	1	4	2	211	1	5030	4769.41	3	2	-1.55364	0.42863	3	-1.2662	0.57137	
183	1	4	2	211	1	5030	4792.07	3	2	-1.03167	0.52891	3	-1.14744	0.47109	
184	1	4	2	211	1	5030	4811.63	3	2	-1.55186	0.398063	3	-1.13831	0.601937	
185	1	4	2	211	1	5030	4831.97	3	2	-1.38333	0.449945	3	-1.18243	0.550055	
186	1	4	2	211	1	5030	4839.1	3	2	-1.23255	0.513895	3	-1.28815	0.486105	
187	1	4	2	211	1	5030	4857.49	3	2	-1.51832	0.424683	3	-1.21474	0.575317	
188	1	4	2	211	1	5030	4900.7	3	2	-1.21089	0.496103	3	-1.1953	0.503897	
189	1	4	2	211	1	5030	4909.68	3	2	-1.46433	0.38848	3	-1.01063	0.61152	
190	1	4	2	211	1	5030	4925.4	3	2	-1.46273	0.475332	3	-1.36398	0.524668	
191	1	4	2	211	1	5030	4940.4	3	2	-1.74209	0.366737	3	-1.19585	0.633263	
192	1	4	2	211	1	5030	4989.94	3	2	-1.5288	0.424938	3	-1.22627	0.575062	
193	1	4	2	211	1	5030	5001.53	3	2	-1.73797	0.364921	3	-1.1839	0.635079	
194	1	4	2	211	1	5030	5021.37	3	2	-1.41911	0.439081	3	-1.17422	0.560919	
195	1	4	2	211	1	5030	5029.96	3	2	-1.68998	0.343431	3	-1.04194	0.656569	
196	1	4	2	212	1	5390	5056.88	3	2	-1.03942	0.522684	3	-1.13022	0.477316	
197	1	4	1	112	1	5390	5064.38	4	4	-1	1	
198	1	4	1	112	1	5390	5086.24	4	4	-1	1	
199	1	4	2	212	1	5390	5087.56	3	2	-1.01136	0.499471	3	-1.00924	0.500529	
200	1	4	2	212	1	5390	5125.2	3	2	-1.12535	0.424793	3	-0.822218	0.575207	
201	1	4	2	212	1	5390	5130.14	3	2	-1.42922	0.439757	3	-1.18707	0.560243	
202	1	4	2	212	1	5390	5143.01	3	2	-1.41935	0.457124	3	-1.24742	0.542876	
203	1	4	2	212	1	5390	5144.94	3	2	-1.20857	0.533728	3	-1.34369	0.466272	
204	1	4	2	212	1	5390	5167.05	3	2	-1.3175	0.524541	3	-1.41574	0.475459	
205	1	4	2	212	1	5390	5168.81	3	2	-0.999533	0.481643	3	-0.92607	0.518357	
206	1	4	2	212	1	5390	5187.81	3	2	-1.20046	0.465139	3	-1.06079	0.534861	
207	1	4	2	212	1	5390	5218.08	3	2	-1.06934	0.486752	3	-1.01634	0.513248	
208	1	4	2	212	1	5390	5222.82	3	2	-1.29151	0.373347	3	-0.77362	0.626653	
209	1	4	2	212	1	5390	5226.38	3	2	-1.35834	0.487166	3	-1.307	0.512834	
210	1	4	2	212	1	5390	5237.04	3	2	-0.95831	0.483923	3	-0.89398	0.516077	
211	1	4	2	212	1	5390	5266.27	3	2	-0.96631	0.491074	3	-0.930602	0.508926	
212	1	4	2	212	1	5390	5285.52	3	2	-1.13593	0.496102	3	-1.12033	0.503898	
213	1	4	2	212	1	5390	5286.69	3	2	-1.42434	0.360694	3	-0.851984	0.639306	
214	1	4	2	212	1	5390	5310	2	2	-0.989054	0.570594	3	-1.27333	0.429406	
215	1	4	2	212	1	5390	5317.22	2	2	-1.26901	0.567451	3	-1.54047	0.432549	
216	1	4	2	212	1	5390	5324.62	3	2	-1.20277	0.420259	3	-0.881058	0.579741	
217	1	4	2	212	1	5390	5331.02	3	2	-1.31967	0.483705	3	-1.25446	0.516295	
218	1	4	2	212	1	5390	5337.07	3	2	-1.23904	0.394019	3	-0.808593	0.605981	
219	1	4	2	212	1	5390	5337.56	3	2	-1.22797	0.521913	3	-1.31568	0.478087	
220	1	4	2	212	1	5390	5340.91	3	2	-1.23513	0.507847	3	-1.26653	0.492153	
221	1	4	2	212	1	5390	5361.36	3	2	-1.17252	0.482521	3	-1.10257	0.517479	
102	1	4	3	304	2	4130.1	3431.83	4	4	-0.32	1	
0	1	4	4	410	3	3050.1	1808.54	4	4	-0.4	1	
1	1	4	4	410	3	3050.1	1832.31	4	4	-0.4	1	
2	1	4	4	410	3	3050.1	1835.14	4	4	-0.4	1	
3	1	4	4	410	3	3050.1	1864.25	4	4	-0.4	1	
4	1	4	4	410	3	3050.1	1874.53	4	4	-0.4	1	
5	1	4	4	410	3	3050.1	1900.12	4	4	-0.4	1	
6	1	4	4	410	3	3050.1	1900.48	4	4	-0.4	1	
7	1	4	4	410	3	3050.1	1960.85	4	4	-0.4	1	
8	1	4	4	410	3	3050.1	1985.94	4	4	-0.4	1	
9	1	4	4	410	3	3050.1	1993.81	4	4	-0.4	1	
10	1	4	4	410	3	3050.1	2009.58	4	4	-0.4	1	
11	1	4	4	410	3	3050.1	2046.02	4	4	-0.4	1	
12	1	4	4	410	3	3050.1	2051.66	4	4	-0.4	1	
13	1	4	4	410	3	3050.1	2060.41	4	4	-0.4	1	
14	1	4	4	410	3	3050.1	2060.98	4	4	-0.4	1	
15	1	4	4	410	3	3050.1	2088.6	4	4	-0.4	1	
16	1	4	4	410	3	3050.1	2096.48	4	4	-0.4	1	
17	1	4	4	410	3	3050.1	2123.71	4	4	-0.4	1	
18	1	4	4	410	3	3050.1	2136.5	4	4	-0.4	1	
20	1	4	4	412	3	3410.1	2183.97	4	4	-0.4	1	
22	1	4	4	412	3	3410.1	2217.27	4	4	-0.4	1	
24	1	4	4	412	3	3410.1	2243.16	4	4	-0.4	1	
25	1	4	4	412	3	3410.1	2263.99	4	4	-0.4	1	
26	1	4	4	412	3	3410.1	2271.75	4	4	-0.4	1	
27	1	4	4	412	3	3410.1	2288.02	4	4	-0.4	1	
28	1	4	4	412	3	3410.1	2304.78	4	4	-0.4	1	
31	1	4	4	412	3	3410.1	2350.13	4	4	-0.4	1	
32	1	4	4	412	3	3410.1	2387.21	4	4	-0.4	1	
33	1	4	4	412	3	3410.1	2402.36	4	4	-0.4	1	
34	1	4	4	412	3	3410.1	2404.84	4	4	-0.4	1	
35	1	4	4	412	3	3410.1	2427.84	4	4	-0.4	1	
36	1	4	4	412	3	3410.1	2440.45	4	4	-0.4	1	
37	1	4	4	412	3	3410.1	2448.23	4	4	-0.4	1	
38	1	4	4	412	3	3410.1	2456.45	4	4	-0.4	1	
40	1	4	4	412	3	3410.1	2461.49	4	4	-0.4	1	
41	1	4	4	412	3	3410.1	2463.88	4	4	-0.4	1	
42	1	4	4	412	3	3410.1	2465.43	4	4	-0.4	1	
44	1	4	4	412	3	3410.1	2509.66	4	4	-0.4	1	
45	1	4	4	414	3	3770.1	2515.28	4	4	-0.4	1	
46	1	4	4	414	3	3770.1	2525.84	4	4	-0.4	1	
47	1	4	4	414	3	3770.1	2526.95	4	4	-0.4	1	
48	1	4	4	414	3	3770.1	2548.32	4	4	-0.4	1	
49	1	4	4	414	3	3770.1	2582.19	4	4	-0.4	1	
50	1	4	4	414	3	3770.1	2667.44	4	4	-0.4	1	
51	1	4	4	414	3	3770.1	2675.16	4	4	-0.4	1	
53	1	4	4	414	3	3770.1	2716.02	4	4	-0.4	1	
54	1	4	4	414	3	3770.1	2731.1	4	4	-0.4	1	
55	1	4	4	414	3	3770.1	2737	4	4	-0.4	1	
56	1	4	4	414	3	3770.1	2752.62	4	4	-0.4	1	
57	1	4	4	414	3	3770.1	2761.29	4	4	-0.4	1	
58	1	4	4	414	3	3770.1	2775.28	4	4	-0.4	1	
59	1	4	4	414	3	3770.1	2792	4	4	-0.4	1	
60	1	4	4	414	3	3770.1	2792.69	4	4	-0.4	1	
61	1	4	4	414	3	3770.1	2817.93	4	4	-0.4	1	
62	1	4	4	414	3	3770.1	2845.03	4	4	-0.4	1	
63	1	4	4	414	3	3770.1	2860.74	4	4	-0.4	1	
64	1	4	4	416	3	4130.1	2900.05	4	4	-0.4	1	
65	1	4	4	416	3	4130.1	2904.54	4	4	-0.4	1	
66	1	4	4	416	3	4130.1	2922.08	4	4	-0.4	1	
67	1	4	4	416	3	4130.1	2931.74	4	4	-0.4	1	
68	1	4	4	416	3	4130.1	2947.38	4	4	-0.4	1	
69	1	4	4	416	3	4130.1	2987.61	4	4	-0.4	1	
70	1	4	4	416	3	4130.1	3004.03	4	4	-0.4	1	
71	1	4	4	416	3	4130.1	3013.25	4	4	-0.4	1	
72	1	4	4	416	3	4130.1	3072.85	4	4	-0.4	1	
73	1	4	4	416	3	4130.1	3073.67	4	4	-0.4	1	
74	1	4	4	416	3	4130.1	3074.51	4	4	-0.4	1	
75	1	4	4	416	3	4130.1	3085.77	4	4	-0.4	1	
76	1	4	4	416	3	4130.1	3100.98	4	4	-0.4	1	
77	1	4	4	416	3	4130.1	3113.54	4	4	-0.4	1	
78	1	4	4	416	3	4130.1	3185.58	4	4	-0.4	1	
79	1	4	4	416	3	4130.1	3195.11	4	4	-0.4	1	
80	1	4	4	416	3	4130.1	3200.64	4	4	-0.4	1	
81	1	4	4	416	3	4130.1	3216.59	4	4	-0.4	1	
82	1	4	4	416	3	4130.1	3223.13	4	4	-0.4	1	
83	1	4	4	416	3	4130.1	3223.94	4	4	-0.4	1	
84	1	4	4	416	3	4130.1	3227.72	4	4	-0.4	1	
85	1	4	4	416	3	4130.1	3229.34	4	4	-0.4	1	
86	1	4	4	418	3	4490.1	3258	4	4	-0.4	1	
87	1	4	4	418	3	4490.1	3259.3	4	4	-0.4	1	
89	1	4	4	418	3	4490.1	3278.65	4	4	-0.4	1	
90	1	4	4	418	3	4490.1	3322.04	4	4	-0.4	1	
92	1	4	4	418	3	4490.1	3336.65	4	4	-0.4	1	
93	1	4	4	418	3	4490.1	3348.11	4	4	-0.4	1	
94	1	4	4	418	3	4490.1	3356.93	4	4	-0.4	1	
96	1	4	4	418	3	4490.1	3377.68	4	4	-0.4	1	
98	1	4	4	418	3	4490.1	3381.21	4	4	-0.4	1	
99	1	4	4	418	3	4490.1	3383.17	4	4	-0.4	1	
100	1	4	4	418	3	4490.1	3393.72	4	4	-0.4	1	
101	1	4	4	418	3	4490.1	3426.33	4	4	-0.4	1	
103	1	4	4	418	3	4490.1	3445.94	4	4	-0.4	1	
104	1	4	4	418	3	4490.1	3447.48	4	4	-0.4	1	
105	1	4	4	418	3	4490.1	3470.68	4	4	-0.4	1	
107	1	4	4	418	3	4490.1	3482.59	4	4	-0.4	1	
108	1	4	4	418	3	4490.1	3530.9	4	4	-0.4	1	
109	1	4	4	418	3	4490.1	3550.09	4	4	-0.4	1	
110	1	4	4	418	3	4490.1	3552.68	4	4	-0.4	1	
111	1	4	4	418	3	4490.1	3578.02	4	4	-0.4	1	
112	1	4	4	420	3	4850.1	3614.82	4	4	-0.4	1	
113	1	4	4	420	3	4850.1	3663.33	4	4	-0.4	1	
114	1	4	4	420	3	4850.1	3682.96	4	4	-0.4	1	
115	1	4	4	420	3	4850.1	3683.56	4	4	-0.4	1	
116	1	4	4	420	3	4850.1	3705.23	4	4	-0.4	1	
117	1	4	4	420	3	4850.1	3715.29	4	4	-0.4	1	
118	1	4	4	420	3	4850.1	3734.29	4	4	-0.4	1	
119	1	4	4	420	3	4850.1	3747.26	4	4	-0.4	1	
120	1	4	4	420	3	4850.1	3793.59	4	4	-0.4	1	
121	1	4	4	420	3	4850.1	3798.72	4	4	-0.4	1	
122	1	4	4	420	3	4850.1	3802.63	4	4	-0.4	1	
123	1	4	4	420	3	4850.1	3807.56	4	4	-0.4	1	
124	1	4	4	420	3	4850.1	3818.29	4	4	-0.4	1	
125	1	4	4	420	3	4850.1	3825.79	4	4	-0.4	1	
126	1	4	4	420	3	4850.1	3870.74	4	4	-0.4	1	
127	1	4	4	420	3	4850.1	3871.13	4	4	-0.4	1	
128	1	4	4	420	3	4850.1	3879.43	4	4	-0.4	1	
129	1	4	4	420	3	4850.1	3889.09	4	4	-0.4	1	
130	1	4	4	420	3	4850.1	3897.84	4	4	-0.4	1	
131	1	4	4	420	3	4850.1	3904.03	4	4	-0.4	1	
132	1	4	4	420	3	4850.1	3917.04	4	4	-0.4	1	
133	1	4	4	422	3	5210.1	3962.93	4	4	-0.4	1	
134	1	4	4	422	3	5210.1	3964.33	4	4	-0.4	1	
135	1	4	4	422	3	5210.1	3973.47	4	4	-0.4	1	
137	1	4	4	422	3	5210.1	4006.3	4	4	-0.4	1	
140	1	4	4	422	3	5210.1	4051.71	4	4	-0.4	1	
142	1	4	4	422	3	5210.1	4076.95	4	4	-0.4	1	
145	1	4	4	422	3	5210.1	4139.41	4	4	-0.4	1	
146	1	4	4	422	3	5210.1	4148.65	4	4	-0.4	1	
147	1	4	4	422	3	5210.1	4154.97	4	4	-0.4	1	
148	1	4	4	422	3	5210.1	4192.47	4	4	-0.4	1	
149	1	4	4	422	3	5210.1	4217.24	4	4	-0.4	1	
150	1	4	4	422	3	5210.1	4217.83	4	4	-0.4	1	
151	1	4	4	422	3	5210.1	4219.3	4	4	-0.4	1	
154	1	4	4	422	3	5210.1	4245.72	4	4	-0.4	1	
155	1	4	4	422	3	5210.1	4256.29	4	4	-0.4	1	
158	1	4	4	422	3	5210.1	4298.71	4	4	-0.4	1	
159	1	4	4	422	3	5210.1	4304.26	4	4	-0.4	1	
1	1	4	1	103	1	2150	1868.51	4	4	-1	1	
143	1	4	1	110	1	4670	4396.13	4	4	-1	1	
144	1	4	1	110	1	4670	4403.43	4	4	-1	1	
145	1	4	1	110	1	4670	4437.35	4	4	-1	1	
102	1	4	1	108	1	3950	3824.18	4	4	-1	1	
103	1	4	1	108	1	3950	3859.96	4	4	-1	1	
104	1	4	1	108	1	3950	3866.51	4	4	-1	1	
172	1	4	2	211	1	5030	4919.68	3	3	-1.04354	0.61607	2	-1.51644	0.38393	
173	1	4	2	211	1	5030	4927.31	3	3	-1.35749	0.611772	2	-1.81226	0.388228	
174	1	4	2	211	1	5030	4931.66	3	3	-1.12968	0.596244	2	-1.51952	0.403756	
175	1	4	2	211	1	5030	4973.49	3	3	-1.3279	0.572325	2	-1.61924	0.427675	
80	1	4	1	107	1	3590	3403.64	4	4	-1	1	
81	1	4	1	107	1	3590	3465.6	4	4	-1	1	
55	1	4	1	106	1	3230	3055.11	4	4	-1	1	
56	1	4	1	106	1	3230	3062.92	4	4	-1	1	
153	1	4	1	110	1	4670	4590.02	4	4	-1	1	
154	1	4	1	110	1	4670	4603.51	4	4	-1	1	
155	1	4	1	110	1	4670	4618.11	4	4	-1	1	
156	1	4	1	110	1	4670	4647.01	4	4	-1	1	
8	1	4	1	103	1	2150	2053.46	4	4	-1	1	
6	1	4	1	103	1	2150	2023.61	4	4	-1	1	
7	1	4	1	103	1	2150	2031.06	4	4	-1	1	
150	1	4	1	110	1	4670	4578.16	4	4	-1	1	
151	1	4	1	110	1	4670	4581.14	4	4	-1	1	
152	1	4	1	110	1	4670	4583.16	4	4	-1	1	
25	1	4	1	104	1	2510	2438.57	4	4	-1	1	
26	1	4	1	104	1	2510	2442.71	4	4	-1	1	
42	1	4	1	105	1	2870	2769.92	4	4	-1	1	
43	1	4	1	105	1	2870	2797.12	4	4	-1	1	
176	1	4	2	211	1	5030	5007.1	3	3	-0.856132	0.586768	2	-1.20675	0.413232	
177	1	4	1	112	1	5390	5052.09	4	4	-1	1	
178	1	4	1	112	1	5390	5078.15	4	4	-1	1	
179	1	4	1	112	1	5390	5099.58	4	4	-1	1	
160	1	4	1	111	1	5030	4726.67	4	4	-1	1	
161	1	4	1	111	1	5030	4728.85	4	4	-1	1	
162	1	4	1	111	1	5030	4729.23	4	4	-1	1	
163	1	4	1	111	1	5030	4746.96	4	4	-1	1	
168	1	4	1	111	1	5030	4855.4	4	4	-1	1	
169	1	4	2	211	1	5030	4856.06	3	3	-1.36719	0.614229	2	-1.83232	0.385771	
170	1	4	1	111	1	5030	4900.59	4	4	-1	1	
171	1	4	2	211	1	5030	4902.77	3	3	-1.14787	0.514746	2	-1.20687	0.485254	
33	1	4	1	105	1	2870	2567.23	4	4	-1	1	
34	1	4	1	105	1	2870	2576.11	4	4	-1	1	
72	1	4	1	107	1	3590	3302.34	4	4	-1	1	
73	1	4	1	107	1	3590	3303.12	4	4	-1	1	
74	1	4	1	107	1	3590	3313.28	4	4	-1	1	
119	1	4	1	109	1	4310	4047.52	4	4	-1	1	
120	1	4	1	109	1	4310	4070.17	4	4	-1	1	
121	1	4	1	109	1	4310	4092.8	4	4	-1	1	
110	1	4	1	108	1	3950	3903.07	4	4	-1	1	
111	1	4	1	108	1	3950	3918.96	4	4	-1	1	
112	1	4	1	108	1	3950	3932.66	4	4	-1	1	
4	1	4	1	103	1	2150	1968.5	4	4	-1	1	
5	1	4	1	103	1	2150	2013.24	4	4	-1	1	
38	1	4	1	105	1	2870	2672.87	4	4	-1	1	
39	1	4	1	105	1	2870	2673.22	4	4	-1	1	
133	1	4	1	109	1	4310	4222.52	4	4	-1	1	
134	1	4	1	109	1	4310	4228.69	4	4	-1	1	
135	1	4	1	109	1	4310	4240.01	4	4	-1	1	
136	1	4	1	109	1	4310	4244.31	4	4	-1	1	
164	1	4	1	111	1	5030	4753.96	4	4	-1	1	
165	1	4	1	111	1	5030	4811.87	4	4	-1	1	
166	1	4	1	111	1	5030	4814.44	4	4	-1	1	
167	1	4	1	111	1	5030	4847.04	4	4	-1	1	
50	1	4	1	106	1	3230	2919.17	4	4	-1	1	
51	1	4	1	106	1	3230	2961.47	4	4	-1	1	
2	1	4	1	103	1	2150	1889	4	4	-1	1	
0	1	4	1	103	1	2150	1853.66	4	4	-1	1	
16	1	4	1	104	1	2510	2256.08	4	4	-1	1	
17	1	4	1	104	1	2510	2318.14	4	4	-1	1	
125	1	4	1	109	1	4310	4139.59	4	4	-1	1	
126	1	4	1	109	1	4310	4144.8	4	4	-1	1	
127	1	4	1	109	1	4310	4148.46	4	4	-1	1	
46	1	4	1	106	1	3230	2870.54	4	4	-1	1	
47	1	4	1	106	1	3230	2883.98	4	4	-1	1	
89	1	4	1	107	1	3590	3573.76	4	4	-1	1	
90	1	4	1	108	1	3950	3604.74	4	4	-1	1	
91	1	4	1	108	1	3950	3605.74	4	4	-1	1	
113	1	4	1	109	1	4310	3972.57	4	4	-1	1	
114	1	4	1	109	1	4310	3976.23	4	4	-1	1	
115	1	4	1	109	1	4310	3981.2	4	4	-1	1	
108	1	4	1	108	1	3950	3886.76	4	4	-1	1	
109	1	4	1	108	1	3950	3899.2	4	4	-1	1	
180	1	4	2	212	1	5390	5107.13	3	3	-1.01659	0.518491	2	-1.09059	0.481509	
181	1	4	1	112	1	5390	5108.99	4	4	-1	1	
182	1	4	1	112	1	5390	5155.5	4	4	-1	1	
183	1	4	2	212	1	5390	5178.03	3	3	-1.32178	0.484743	2	-1.26074	0.515257	
44	1	4	1	105	1	2870	2828.49	4	4	-1	1	
45	1	4	1	105	1	2870	2830.14	4	4	-1	1	
92	1	4	1	108	1	3950	3610.19	4	4	-1	1	
93	1	4	1	108	1	3950	3645.67	4	4	-1	1	
66	1	4	1	106	1	3230	3177.82	4	4	-1	1	
67	1	4	1	106	1	3230	3180.72	4	4	-1	1	
3	1	4	1	103	1	2150	1931.06	4	4	-1	1	
87	1	4	1	107	1	3590	3557.63	4	4	-1	1	
88	1	4	1	107	1	3590	3566.99	4	4	-1	1	
68	1	4	1	107	1	3590	3233.23	4	4	-1	1	
69	1	4	1	107	1	3590	3235.35	4	4	-1	1	
22	1	4	1	104	1	2510	2400.93	4	4	-1	1	
48	1	4	1	106	1	3230	2891.85	4	4	-1	1	
49	1	4	1	106	1	3230	2901.07	4	4	-1	1	
35	1	4	1	105	1	2870	2588.91	4	4	-1	1	
20	1	4	1	104	1	2510	2364.43	4	4	-1	1	
21	1	4	1	104	1	2510	2389.76	4	4	-1	1	
57	1	4	1	106	1	3230	3094.32	4	4	-1	1	
58	1	4	1	106	1	3230	3094.98	4	4	-1	1	
18	1	4	1	104	1	2510	2318.59	4	4	-1	1	
19	1	4	1	104	1	2510	2336.08	4	4	-1	1	
13	1	4	1	104	1	2510	2166.02	4	4	-1	1	
14	1	4	1	104	1	2510	2176.14	4	4	-1	1	
84	1	4	1	107	1	3590	3527.02	4	4	-1	1	
85	1	4	1	107	1	3590	3529.86	4	4	-1	1	
86	1	4	1	107	1	3590	3533.8	4	4	-1	1	
192	1	4	2	212	1	5390	5297.48	3	3	-1.14412	0.549642	2	-1.34335	0.450358	
193	1	4	1	112	1	5390	5369.03	4	4	-1	1	
194	1	4	1	112	1	5390	5381.54	4	4	-1	1	
40	1	4	1	105	1	2870	2705.12	4	4	-1	1	
41	1	4	1	105	1	2870	2709.82	4	4	-1	1	
99	1	4	1	108	1	3950	3751.63	4	4	-1	1	
100	1	4	1	108	1	3950	3808.14	4	4	-1	1	
101	1	4	1	108	1	3950	3819.51	4	4	-1	1	
63	1	4	1	106	1	3230	3165.48	4	4	-1	1	
95	1	4	1	108	1	3950	3691.98	4	4	-1	1	
64	1	4	1	106	1	3230	3171.86	4	4	-1	1	
65	1	4	1	106	1	3230	3175.8	4	4	-1	1	
11	1	4	1	103	1	2150	2084.11	4	4	-1	1	
12	1	4	1	103	1	2150	2120.86	4	4	-1	1	
116	1	4	1	109	1	4310	4028.97	4	4	-1	1	
117	1	4	1	109	1	4310	4029.35	4	4	-1	1	
118	1	4	1	109	1	4310	4037.67	4	4	-1	1	
146	1	4	1	110	1	4670	4457.86	4	4	-1	1	
147	1	4	1	110	1	4670	4474.22	4	4	-1	1	
148	1	4	1	110	1	4670	4528.82	4	4	-1	1	
149	1	4	1	110	1	4670	4530.5	4	4	-1	1	
105	1	4	1	108	1	3950	3870.04	4	4	-1	1	
106	1	4	1	108	1	3950	3871.09	4	4	-1	1	
107	1	4	1	108	1	3950	3884.39	4	4	-1	1	
157	1	4	1	110	1	4670	4659.79	4	4	-1	1	
158	1	4	1	111	1	5030	4690.2	4	4	-1	1	
159	1	4	1	111	1	5030	4713.34	4	4	-1	1	
15	1	4	1	104	1	2510	2245.97	4	4	-1	1	
130	1	4	1	109	1	4310	4208.76	4	4	-1	1	
131	1	4	1	109	1	4310	4213.08	4	4	-1	1	
132	1	4	1	109	1	4310	4221.95	4	4	-1	1	
9	1	4	1	103	1	2150	2061.54	4	4	-1	1	
10	1	4	1	103	1	2150	2071.36	4	4	-1	1	
61	1	4	1	106	1	3230	3149.35	4	4	-1	1	
62	1	4	1	106	1	3230	3153.29	4	4	-1	1	
82	1	4	1	107	1	3590	3475.15	4	4	-1	1	
83	1	4	1	107	1	3590	3514.48	4	4	-1	1	
27	1	4	1	104	1	2510	2445.75	4	4	-1	1	
28	1	4	1	104	1	2510	2448.33	4	4	-1	1	
59	1	4	1	106	1	3230	3116.56	4	4	-1	1	
60	1	4	1	106	1	3230	3124.26	4	4	-1	1	
36	1	4	1	105	1	2870	2615.28	4	4	-1	1	
37	1	4	1	105	1	2870	2632.24	4	4	-1	1	
184	1	4	2	212	1	5390	5195.13	3	3	-1.22345	0.487263	2	-1.17249	0.512737	
185	1	4	1	112	1	5390	5211.24	4	4	-1	1	
186	1	4	1	112	1	5390	5240.04	4	4	-1	1	
187	1	4	1	112	1	5390	5249.09	4	4	-1	1	
52	1	4	1	106	1	3230	2983.37	4	4	-1	1	
53	1	4	1	106	1	3230	3002.67	4	4	-1	1	
54	1	4	1	106	1	3230	3017.85	4	4	-1	1	
128	1	4	1	109	1	4310	4188.04	4	4	-1	1	
129	1	4	1	109	1	4310	4208.69	4	4	-1	1	
70	1	4	1	107	1	3590	3240.12	4	4	-1	1	
71	1	4	1	107	1	3590	3282.8	4	4	-1	1	
29	1	4	1	104	1	2510	2449.7	4	4	-1	1	
30	1	4	1	104	1	2510	2465.85	4	4	-1	1	
31	1	4	1	104	1	2510	2473.08	4	4	-1	1	
32	1	4	1	105	1	2870	2551.31	4	4	-1	1	
94	1	4	1	108	1	3950	3676.35	4	4	-1	1	
142	1	4	1	110	1	4670	4374.77	4	4	-1	1	
96	1	4	1	108	1	3950	3706.22	4	4	-1	1	
137	1	4	1	109	1	4310	4247.36	4	4	-1	1	
138	1	4	1	109	1	4310	4256.55	4	4	-1	1	
139	1	4	1	110	1	4670	4316.78	4	4	-1	1	
75	1	4	1	107	1	3590	3317.89	4	4	-1	1	
76	1	4	1	107	1	3590	3324.42	4	4	-1	1	
188	1	4	1	112	1	5390	5260.86	4	4	-1	1	
189	1	4	1	112	1	5390	5261.33	4	4	-1	1	
190	1	4	1	112	1	5390	5269.01	4	4	-1	1	
191	1	4	1	112	1	5390	5269.58	4	4	-1	1	
23	1	4	1	104	1	2510	2402.06	4	4	-1	1	
24	1	4	1	104	1	2510	2435.26	4	4	-1	1	
97	1	4	1	108	1	3950	3721.46	4	4	-1	1	
98	1	4	1	108	1	3950	3751.41	4	4	-1	1	
140	1	4	1	110	1	4670	4319.23	4	4	-1	1	
141	1	4	1	110	1	4670	4354.44	4	4	-1	1	
77	1	4	1	107	1	3590	3335.72	4	4	-1	1	
78	1	4	1	107	1	3590	3359.9	4	4	-1	1	
79	1	4	1	107	1	3590	3371.77	4	4	-1	1	
122	1	4	1	109	1	4310	4115.61	4	4	-1	1	
123	1	4	1	109	1	4310	4127.86	4	4	-1	1	
124	1	4	1	109	1	4310	4128.63	4	4	-1	1	
