1	1	4	1	103	1	2150	1831.38	180	0	300	318.618	0	0	
2	1	4	1	103	1	2150	1837.75	180	0	300	312.251	0	0	
3	1	4	1	103	1	2150	1844.81	180	0	300	305.193	0	0	
4	1	4	1	103	1	2150	1854.36	180	0	300	295.644	0	0	
5	1	4	1	103	1	2150	1901.24	180	0	240	248.757	0	0	
6	1	4	1	103	1	2150	1901.73	180	0	240	248.269	0	0	
7	1	4	1	103	1	2150	1909.89	180	0	240	240.107	0	0	
8	1	4	1	103	1	2150	1916.84	180	0	240	233.165	0	0	
9	1	4	1	103	1	2150	1926.98	180	0	240	223.018	0	0	
0	1	4	1	103	1	2150	1802.02	180	0	360	347.977	0	0	
10	1	4	1	103	1	2150	1936.11	180	0	240	213.887	0	0	
11	1	4	1	103	1	2150	1947.7	180	0	180	202.296	0	0	
12	1	4	1	103	1	2150	1976.16	180	0	180	173.841	0	0	
13	1	4	1	103	1	2150	1993.4	180	0	180	156.6	0	0	
14	1	4	1	103	1	2150	2030.24	180	0	120	119.761	0	0	
15	1	4	1	103	1	2150	2048.62	180	0	120	101.382	0	0	
16	1	4	1	103	1	2150	2057.67	180	0	120	92.3255	0	0	
17	1	4	1	103	1	2150	2058.46	180	0	120	91.5386	0	0	
25	1	4	1	104	1	2510	2244.81	180	0	240	265.19	0	0	
18	1	4	1	103	1	2150	2115.77	180	0	60	34.2337	0	0	
20	1	4	1	104	1	2510	2169.12	180	0	360	340.875	0	0	
24	1	4	1	104	1	2510	2237.18	180	0	300	272.816	0	0	
21	1	4	1	104	1	2510	2173.03	180	0	360	336.965	0	0	
19	1	4	1	103	1	2150	2149.18	180	0	0	0.822658	0	0	
23	1	4	1	104	1	2510	2228.21	180	0	300	281.785	0	0	
22	1	4	1	104	1	2510	2203.13	180	0	300	306.866	0	0	
31	1	4	1	104	1	2510	2393.95	180	0	120	116.054	0	0	
36	1	4	1	104	1	2510	2488.35	180	0	0	21.6476	0	0	
38	1	4	1	105	1	2870	2516.25	180	0	360	353.755	0	0	
30	1	4	1	104	1	2510	2325.68	180	0	180	184.322	0	0	
33	1	4	1	104	1	2510	2415.91	180	0	120	94.0948	0	0	
40	1	4	1	105	1	2870	2553.78	180	0	300	316.217	0	0	
42	1	4	1	105	1	2870	2578.14	180	0	300	291.857	0	0	
43	1	4	1	105	1	2870	2603.91	180	0	240	266.087	0	0	
32	1	4	1	104	1	2510	2398.07	180	0	120	111.934	0	0	
44	1	4	1	105	1	2870	2650.25	180	0	240	219.748	0	0	
27	1	4	1	104	1	2510	2265.08	180	0	240	244.918	0	0	
37	1	4	1	105	1	2870	2512.38	180	0	360	357.62	0	0	
41	1	4	1	105	1	2870	2562.64	180	0	300	307.358	0	0	
29	1	4	1	104	1	2510	2285.54	180	0	240	224.464	0	0	
28	1	4	1	104	1	2510	2273.66	180	0	240	236.345	0	0	
26	1	4	1	104	1	2510	2260.39	180	0	240	249.61	0	0	
34	1	4	1	104	1	2510	2423.09	180	0	60	86.9081	0	0	
35	1	4	1	104	1	2510	2485.82	180	0	0	24.1803	0	0	
39	1	4	1	105	1	2870	2537.84	180	0	360	332.157	0	0	
54	1	4	1	106	1	3230	2976.52	180	0	240	253.481	0	0	
60	1	4	1	106	1	3230	3058.75	180	0	180	171.254	0	0	
61	1	4	1	106	1	3230	3077.65	180	0	180	152.346	0	0	
62	1	4	1	106	1	3230	3080.9	180	0	120	149.1	0	0	
63	1	4	1	106	1	3230	3086.34	180	0	120	143.657	0	0	
45	1	4	1	105	1	2870	2676.5	180	0	180	193.501	0	0	
50	1	4	1	106	1	3230	2876.39	180	0	360	353.609	0	0	
51	1	4	1	106	1	3230	2935.33	180	0	300	294.667	0	0	
46	1	4	1	105	1	2870	2706.79	180	0	180	163.213	0	0	
56	1	4	1	106	1	3230	3000.09	180	0	240	229.908	0	0	
48	1	4	1	105	1	2870	2759.28	180	0	120	110.719	0	0	
57	1	4	1	106	1	3230	3014.88	180	0	240	215.116	0	0	
53	1	4	1	106	1	3230	2962.38	180	0	240	267.624	0	0	
58	1	4	1	106	1	3230	3046.61	180	0	180	183.393	0	0	
49	1	4	1	105	1	2870	2835.87	180	0	60	34.1287	0	0	
47	1	4	1	105	1	2870	2727.44	180	0	120	142.56	0	0	
52	1	4	1	106	1	3230	2958.66	180	0	300	271.344	0	0	
55	1	4	1	106	1	3230	2979.83	180	0	240	250.166	0	0	
59	1	4	1	106	1	3230	3047.87	180	0	180	182.131	0	0	
75	1	4	1	107	1	3590	3409.84	180	0	180	180.165	0	0	
79	1	4	1	107	1	3590	3468.28	180	0	120	121.719	0	0	
80	1	4	1	107	1	3590	3472.04	180	0	120	117.956	0	0	
81	1	4	1	107	1	3590	3515.62	180	0	60	74.3835	0	0	
82	1	4	1	107	1	3590	3531.02	180	0	60	58.9849	0	0	
71	1	4	1	107	1	3590	3290.27	180	0	300	299.734	0	0	
68	1	4	1	106	1	3230	3214.03	180	0	0	15.9689	0	0	
72	1	4	1	107	1	3590	3292.35	180	0	300	297.646	0	0	
69	1	4	1	107	1	3590	3233.9	180	0	360	356.097	0	0	
66	1	4	1	106	1	3230	3178.07	180	0	60	51.9255	0	0	
77	1	4	1	107	1	3590	3440.13	180	0	120	149.874	0	0	
78	1	4	1	107	1	3590	3456.75	180	0	120	133.25	0	0	
74	1	4	1	107	1	3590	3378.25	180	0	240	211.755	0	0	
64	1	4	1	106	1	3230	3090.87	180	0	120	139.126	0	0	
65	1	4	1	106	1	3230	3150.77	180	0	60	79.232	0	0	
73	1	4	1	107	1	3590	3358.29	180	0	240	231.711	0	0	
70	1	4	1	107	1	3590	3267.74	180	0	300	322.256	0	0	
67	1	4	1	106	1	3230	3180.45	180	0	60	49.5526	0	0	
76	1	4	1	107	1	3590	3423.79	180	0	180	166.207	0	0	
96	1	4	1	108	1	3950	3831.3	180	0	120	118.698	0	0	
99	1	4	1	108	1	3950	3913.07	180	0	60	36.9264	0	0	
100	1	4	1	108	1	3950	3919.61	180	0	60	30.3888	0	0	
83	1	4	1	107	1	3590	3589.83	180	0	0	0.170826	0	0	
101	1	4	1	108	1	3950	3919.72	180	0	60	30.2838	0	0	
86	1	4	1	108	1	3950	3641.34	180	0	300	308.662	0	0	
85	1	4	1	108	1	3950	3638.3	180	0	300	311.702	0	0	
87	1	4	1	108	1	3950	3666.14	180	0	300	283.856	0	0	
88	1	4	1	108	1	3950	3671.48	180	0	300	278.516	0	0	
89	1	4	1	108	1	3950	3699.32	180	0	240	250.677	0	0	
90	1	4	1	108	1	3950	3733.17	180	0	240	216.834	0	0	
92	1	4	1	108	1	3950	3763	180	0	180	187.002	0	0	
93	1	4	1	108	1	3950	3774.22	180	0	180	175.778	0	0	
95	1	4	1	108	1	3950	3787.84	180	0	180	162.162	0	0	
98	1	4	1	108	1	3950	3911.23	180	0	60	38.7713	0	0	
94	1	4	1	108	1	3950	3780.06	180	0	180	169.937	0	0	
91	1	4	1	108	1	3950	3757.35	180	0	180	192.654	0	0	
84	1	4	1	108	1	3950	3611.57	180	0	360	338.433	0	0	
97	1	4	1	108	1	3950	3848.43	180	0	120	101.572	0	0	
115	1	4	1	109	1	4310	4150.52	180	0	180	159.475	0	0	
117	1	4	1	109	1	4310	4196.59	180	0	120	113.407	0	0	
118	1	4	1	109	1	4310	4197.63	180	0	120	112.369	0	0	
104	1	4	1	109	1	4310	3968.54	180	0	360	341.461	0	0	
120	1	4	1	109	1	4310	4214.03	180	0	120	95.9739	0	0	
107	1	4	1	109	1	4310	3981.75	180	0	300	328.251	0	0	
106	1	4	1	109	1	4310	3976.16	180	0	360	333.841	0	0	
108	1	4	1	109	1	4310	3983.11	180	0	300	326.892	0	0	
109	1	4	1	109	1	4310	4017.47	180	0	300	292.527	0	0	
114	1	4	1	109	1	4310	4137.07	180	0	180	172.931	0	0	
111	1	4	1	109	1	4310	4090.47	180	0	240	219.529	0	0	
113	1	4	1	109	1	4310	4132.06	180	0	180	177.943	0	0	
119	1	4	1	109	1	4310	4208.87	180	0	120	101.132	0	0	
116	1	4	1	109	1	4310	4163.46	180	0	120	146.537	0	0	
112	1	4	1	109	1	4310	4106.77	180	0	180	203.232	0	0	
102	1	4	1	109	1	4310	3952.56	180	0	360	357.435	0	0	
103	1	4	1	109	1	4310	3958.83	180	0	360	351.174	0	0	
105	1	4	1	109	1	4310	3968.64	180	0	360	341.362	0	0	
110	1	4	1	109	1	4310	4018.56	180	0	300	291.442	0	0	
123	1	4	1	109	1	4310	4280.44	180	0	0	29.5559	0	0	
134	1	4	1	110	1	4670	4575.18	180	0	120	94.8164	0	0	
136	1	4	1	110	1	4670	4589.07	180	0	60	80.93	0	0	
126	1	4	1	110	1	4670	4357.98	180	0	300	312.019	0	0	
124	1	4	1	109	1	4310	4299.48	180	0	0	10.5227	0	0	
125	1	4	1	110	1	4670	4325.61	180	0	360	344.391	0	0	
137	1	4	1	110	1	4670	4593.03	180	0	60	76.9701	0	0	
131	1	4	1	110	1	4670	4404.69	180	0	240	265.305	0	0	
135	1	4	1	110	1	4670	4576.8	180	0	120	93.1981	0	0	
132	1	4	1	110	1	4670	4406.35	180	0	240	263.646	0	0	
129	1	4	1	110	1	4670	4389.52	180	0	300	280.484	0	0	
138	1	4	1	110	1	4670	4601.04	180	0	60	68.9584	0	0	
139	1	4	1	110	1	4670	4628.03	180	0	60	41.9719	0	0	
130	1	4	1	110	1	4670	4396.77	180	0	300	273.235	0	0	
122	1	4	1	109	1	4310	4271.59	180	0	60	38.4062	0	0	
127	1	4	1	110	1	4670	4375.77	180	0	300	294.234	0	0	
128	1	4	1	110	1	4670	4381.35	180	0	300	288.651	0	0	
133	1	4	1	110	1	4670	4553.89	180	0	120	116.112	0	0	
121	1	4	1	109	1	4310	4218.13	180	0	120	91.8724	0	0	
149	1	4	1	111	1	5030	4819.58	180	0	240	210.423	0	0	
154	1	4	1	111	1	5030	4878.67	180	0	180	151.329	0	0	
155	1	4	1	111	1	5030	4888.27	180	0	120	141.726	0	0	
146	1	4	1	111	1	5030	4733.66	180	0	300	296.336	0	0	
141	1	4	1	110	1	4670	4659.71	180	0	0	10.2928	0	0	
157	1	4	1	111	1	5030	4916.12	180	0	120	113.884	0	0	
148	1	4	1	111	1	5030	4743.97	180	0	300	286.029	0	0	
152	1	4	1	111	1	5030	4864.56	180	0	180	165.44	0	0	
158	1	4	1	111	1	5030	4916.93	180	0	120	113.075	0	0	
153	1	4	1	111	1	5030	4867.95	180	0	180	162.051	0	0	
150	1	4	1	111	1	5030	4828.75	180	0	180	201.255	0	0	
156	1	4	1	111	1	5030	4907.37	180	0	120	122.628	0	0	
140	1	4	1	110	1	4670	4632.42	180	0	60	37.5815	0	0	
151	1	4	1	111	1	5030	4859.11	180	0	180	170.889	0	0	
143	1	4	1	111	1	5030	4700.41	180	0	300	329.587	0	0	
144	1	4	1	111	1	5030	4703.09	180	0	300	326.911	0	0	
145	1	4	1	111	1	5030	4709.33	180	0	300	320.671	0	0	
147	1	4	1	111	1	5030	4742.85	180	0	300	287.154	0	0	
142	1	4	1	111	1	5030	4678.53	180	0	360	351.472	0	0	
165	1	4	1	111	1	5030	4994.97	180	0	60	35.0326	0	0	
175	1	4	1	112	1	5390	5210.96	180	0	180	179.04	0	0	
176	1	4	1	112	1	5390	5303.2	180	0	60	86.8024	0	0	
168	1	4	1	112	1	5390	5058.51	180	0	360	331.492	0	0	
162	1	4	1	111	1	5030	4965.92	180	0	60	64.08	0	0	
166	1	4	1	112	1	5390	5046.6	180	0	360	343.404	0	0	
159	1	4	1	111	1	5030	4924.98	180	0	120	105.02	0	0	
167	1	4	1	112	1	5390	5053.07	180	0	360	336.927	0	0	
173	1	4	1	112	1	5390	5195.64	180	0	180	194.361	0	0	
174	1	4	1	112	1	5390	5210.38	180	0	180	179.625	0	0	
171	1	4	1	112	1	5390	5142.44	180	0	240	247.555	0	0	
177	1	4	1	112	1	5390	5329.61	180	0	60	60.3896	0	0	
161	1	4	1	111	1	5030	4953.37	180	0	60	76.6276	0	0	
164	1	4	1	111	1	5030	4978.26	180	0	60	51.7447	0	0	
160	1	4	1	111	1	5030	4933.9	180	0	120	96.0952	0	0	
169	1	4	1	112	1	5390	5096.87	180	0	300	293.135	0	0	
170	1	4	1	112	1	5390	5138.5	180	0	240	251.5	0	0	
172	1	4	1	112	1	5390	5178.22	180	0	240	211.781	0	0	
163	1	4	1	111	1	5030	4976.96	180	0	60	53.0408	0	0	
179	1	4	1	112	1	5390	5357.9	180	0	60	32.0961	0	0	
180	1	4	1	112	1	5390	5359.53	180	0	60	30.4659	0	0	
182	1	4	1	112	1	5390	5382.26	180	0	0	7.74321	0	0	
178	1	4	1	112	1	5390	5332.2	180	0	60	57.7984	0	0	
181	1	4	1	112	1	5390	5379.98	180	0	0	10.0156	0	0	
3	1	4	1	103	1	2150	1907.13	180	0	240	242.868	0	0	
4	1	4	1	103	1	2150	1940.83	180	0	180	209.169	0	0	
5	1	4	1	103	1	2150	1956.5	180	0	180	193.499	0	0	
6	1	4	1	103	1	2150	1976.97	180	0	180	173.026	0	0	
7	1	4	1	103	1	2150	1982.35	180	0	180	167.646	0	0	
8	1	4	2	203	1	2150	1987.19	180	0	180	162.81	0	0	
8	1	4	3	303	2	3230.1	1987.19	450	0	660	658	0	0	
9	1	4	1	103	1	2150	2060.45	180	0	60	89.5492	0	0	
10	1	4	2	203	1	2150	2082.95	180	0	60	67.0519	0	0	
10	1	4	3	303	2	3230.1	2082.95	450	0	660	658	0	0	
11	1	4	1	103	1	2150	2083.5	180	0	60	66.5014	0	0	
0	1	4	1	103	1	2150	1807.18	180	0	360	342.816	0	0	
1	1	4	1	103	1	2150	1835.71	180	0	300	314.289	0	0	
2	1	4	2	203	1	2150	1882.38	180	0	240	267.619	0	0	
2	1	4	3	303	2	3230.1	1882.38	450	0	660	658	0	0	
12	1	4	1	103	1	2150	2129.26	180	0	0	20.7392	0	0	
13	1	4	1	104	1	2510	2192.68	180	0	300	317.321	0	0	
14	1	4	1	104	1	2510	2224.1	180	0	300	285.902	0	0	
15	1	4	1	104	1	2510	2272.47	180	0	240	237.534	0	0	
16	1	4	1	104	1	2510	2299.72	180	0	240	210.282	0	0	
19	1	4	1	104	1	2510	2350.45	180	0	180	159.549	0	0	
25	1	4	1	104	1	2510	2502.69	180	0	0	7.30886	0	0	
23	1	4	1	104	1	2510	2428.2	180	0	60	81.7974	0	0	
18	1	4	1	104	1	2510	2315.32	180	0	180	194.682	0	0	
21	1	4	1	104	1	2510	2391.83	180	0	120	118.173	0	0	
17	1	4	1	104	1	2510	2300.33	180	0	180	209.669	0	0	
20	1	4	1	104	1	2510	2351.98	180	0	180	158.024	0	0	
24	1	4	1	104	1	2510	2452.51	180	0	60	57.492	0	0	
22	1	4	1	104	1	2510	2409.65	180	0	120	100.354	0	0	
33	1	4	1	105	1	2870	2641.36	180	0	240	228.641	0	0	
40	1	4	1	105	1	2870	2724.1	180	0	120	145.899	0	0	
35	1	4	1	105	1	2870	2647.53	180	0	240	222.473	0	0	
34	1	4	1	105	1	2870	2643.53	180	0	240	226.471	0	0	
28	1	4	1	104	1	2510	2507.56	180	0	0	2.4406	0	0	
39	1	4	2	205	1	2870	2690.39	180	0	180	179.608	0	0	
39	1	4	3	304	2	4130.1	2690.39	450	0	840	838	0	0	
42	1	4	1	105	1	2870	2755.38	180	0	120	114.624	0	0	
37	1	4	1	105	1	2870	2680.14	180	0	180	189.859	0	0	
43	1	4	2	205	1	2870	2767.58	180	0	120	102.416	0	0	
43	1	4	3	304	2	4130.1	2767.58	450	0	840	838	0	0	
27	1	4	1	104	1	2510	2506.59	180	0	0	3.40688	0	0	
31	1	4	1	105	1	2870	2575.94	180	0	300	294.058	0	0	
32	1	4	1	105	1	2870	2636.4	180	0	240	233.6	0	0	
38	1	4	1	105	1	2870	2686.46	180	0	180	183.539	0	0	
44	1	4	1	105	1	2870	2798.27	180	0	60	71.7332	0	0	
41	1	4	2	205	1	2870	2743.34	180	0	120	126.657	0	0	
41	1	4	3	304	2	4130.1	2743.34	450	0	840	838	0	0	
26	1	4	1	104	1	2510	2503.86	180	0	0	6.13953	0	0	
29	1	4	1	105	1	2870	2570.89	180	0	300	299.106	0	0	
30	1	4	2	205	1	2870	2575.24	180	0	300	294.761	0	0	
30	1	4	3	304	2	4130.1	2575.24	450	0	840	838	0	0	
36	1	4	1	105	1	2870	2661.57	180	0	180	208.434	0	0	
55	1	4	1	106	1	3230	2918.79	180	0	300	311.213	0	0	
53	1	4	2	206	1	3230	2896.63	180	0	360	333.366	0	0	
53	1	4	3	304	2	4130.1	2896.63	450	0	480	478	0	0	
46	1	4	1	105	1	2870	2811.82	180	0	60	58.1789	0	0	
61	1	4	2	206	1	3230	2948.28	180	0	300	281.722	0	0	
61	1	4	3	304	2	4130.1	2948.28	450	0	480	478	0	0	
49	1	4	2	206	1	3230	2870.4	180	0	360	359.603	0	0	
49	1	4	3	304	2	4130.1	2870.4	450	0	480	478	0	0	
58	1	4	2	206	1	3230	2931.4	180	0	300	298.598	0	0	
58	1	4	3	304	2	4130.1	2931.4	450	0	480	478	0	0	
60	1	4	1	106	1	3230	2946.89	180	0	300	283.114	0	0	
54	1	4	2	206	1	3230	2897.5	180	0	360	332.496	0	0	
54	1	4	3	304	2	4130.1	2897.5	450	0	480	478	0	0	
45	1	4	1	105	1	2870	2802.09	180	0	60	67.9076	0	0	
48	1	4	1	105	1	2870	2866.98	180	0	0	3.01849	0	0	
51	1	4	2	206	1	3230	2887.07	180	0	360	342.93	0	0	
51	1	4	3	304	2	4130.1	2887.07	450	0	480	478	0	0	
57	1	4	1	106	1	3230	2921.21	180	0	300	308.791	0	0	
56	1	4	1	106	1	3230	2921.2	180	0	300	308.797	0	0	
50	1	4	2	206	1	3230	2878.16	180	0	360	351.836	0	0	
50	1	4	4	416	3	4130.1	2878.16	90	0	120	117	0	0	
62	1	4	1	106	1	3230	2952.48	180	0	300	277.52	0	0	
47	1	4	1	105	1	2870	2834.86	180	0	60	35.1416	0	0	
59	1	4	1	106	1	3230	2942.55	180	0	300	287.449	0	0	
63	1	4	2	206	1	3230	2967.65	180	0	240	262.347	0	0	
63	1	4	3	304	2	4130.1	2967.65	450	0	480	478	0	0	
52	1	4	2	206	1	3230	2892.88	180	0	360	337.118	0	0	
52	1	4	3	304	2	4130.1	2892.88	450	0	480	478	0	0	
73	1	4	1	107	1	3590	3242.27	180	0	360	347.73	0	0	
65	1	4	2	206	1	3230	3063.61	180	0	180	166.388	0	0	
65	1	4	3	304	2	4130.1	3063.61	450	0	480	478	0	0	
64	1	4	2	206	1	3230	3045.01	180	0	180	184.985	0	0	
64	1	4	3	304	2	4130.1	3045.01	450	0	480	478	0	0	
76	1	4	1	107	1	3590	3337.4	180	0	240	252.603	0	0	
74	1	4	1	107	1	3590	3297.8	180	0	300	292.2	0	0	
80	1	4	1	107	1	3590	3434.71	180	0	180	155.286	0	0	
79	1	4	1	107	1	3590	3425.84	180	0	180	164.164	0	0	
66	1	4	2	206	1	3230	3129.88	180	0	120	100.12	0	0	
66	1	4	3	304	2	4130.1	3129.88	450	0	480	478	0	0	
72	1	4	1	107	1	3590	3233.33	180	0	360	356.669	0	0	
82	1	4	1	107	1	3590	3468.51	180	0	120	121.491	0	0	
70	1	4	1	106	1	3230	3179.5	180	0	60	50.5001	0	0	
75	1	4	1	107	1	3590	3313.77	180	0	300	276.229	0	0	
78	1	4	1	107	1	3590	3384.17	180	0	180	205.826	0	0	
71	1	4	1	106	1	3230	3212.99	180	0	0	17.0054	0	0	
77	1	4	1	107	1	3590	3347.75	180	0	240	242.255	0	0	
67	1	4	2	206	1	3230	3136.73	180	0	120	93.2677	0	0	
67	1	4	3	304	2	4130.1	3136.73	450	0	480	478	0	0	
81	1	4	1	107	1	3590	3463.79	180	0	120	126.214	0	0	
69	1	4	2	206	1	3230	3166.12	180	0	60	63.8825	0	0	
69	1	4	3	304	2	4130.1	3166.12	450	0	480	478	0	0	
68	1	4	2	206	1	3230	3144.76	180	0	60	85.242	0	0	
68	1	4	3	304	2	4130.1	3144.76	450	0	480	478	0	0	
94	1	4	1	107	1	3590	3571.66	180	0	0	18.3399	0	0	
97	1	4	1	108	1	3950	3626.1	180	0	300	323.904	0	0	
88	1	4	1	107	1	3590	3502.63	180	0	60	87.3721	0	0	
83	1	4	1	107	1	3590	3468.69	180	0	120	121.306	0	0	
95	1	4	2	207	1	3590	3579.86	180	0	0	10.1374	0	0	
95	1	4	3	304	2	4130.1	3579.86	450	0	120	118	0	0	
86	1	4	1	107	1	3590	3496.15	180	0	120	93.8469	0	0	
101	1	4	2	208	1	3950	3701.37	180	0	240	248.627	0	0	
101	1	4	3	305	2	5030.1	3701.37	450	0	660	658	0	0	
84	1	4	1	107	1	3590	3477.93	180	0	120	112.07	0	0	
87	1	4	2	207	1	3590	3497.12	180	0	120	92.8829	0	0	
87	1	4	3	304	2	4130.1	3497.12	450	0	120	118	0	0	
85	1	4	1	107	1	3590	3490.27	180	0	120	99.7254	0	0	
91	1	4	1	107	1	3590	3531.61	180	0	60	58.3908	0	0	
93	1	4	1	107	1	3590	3551.04	180	0	60	38.9562	0	0	
96	1	4	1	108	1	3950	3610.25	180	0	360	339.753	0	0	
92	1	4	1	107	1	3590	3546.02	180	0	60	43.976	0	0	
99	1	4	1	108	1	3950	3651.27	180	0	300	298.727	0	0	
98	1	4	1	108	1	3950	3627.54	180	0	300	322.46	0	0	
100	1	4	1	108	1	3950	3698.78	180	0	240	251.223	0	0	
90	1	4	1	107	1	3590	3523.32	180	0	60	66.6798	0	0	
89	1	4	1	107	1	3590	3512.79	180	0	60	77.2108	0	0	
118	1	4	1	109	1	4310	4123.35	180	0	180	186.654	0	0	
116	1	4	1	109	1	4310	4042.56	180	0	240	267.44	0	0	
109	1	4	1	108	1	3950	3855.33	180	0	120	94.6736	0	0	
104	1	4	1	108	1	3950	3775.05	180	0	180	174.949	0	0	
112	1	4	1	108	1	3950	3925.85	180	0	0	24.1542	0	0	
107	1	4	2	208	1	3950	3798.43	180	0	180	151.566	0	0	
107	1	4	4	420	3	4850.1	3798.43	90	0	120	117	0	0	
102	1	4	2	208	1	3950	3748.45	180	0	180	201.548	0	0	
102	1	4	3	305	2	5030.1	3748.45	450	0	660	658	0	0	
103	1	4	1	108	1	3950	3774.94	180	0	180	175.063	0	0	
105	1	4	1	108	1	3950	3782.47	180	0	180	167.53	0	0	
106	1	4	1	108	1	3950	3788.02	180	0	180	161.975	0	0	
108	1	4	1	108	1	3950	3821.82	180	0	120	128.175	0	0	
111	1	4	1	108	1	3950	3917.58	180	0	60	32.4192	0	0	
113	1	4	1	109	1	4310	3968.4	180	0	360	341.597	0	0	
114	1	4	1	109	1	4310	4004.88	180	0	300	305.123	0	0	
117	1	4	1	109	1	4310	4098.66	180	0	240	211.337	0	0	
119	1	4	1	109	1	4310	4135.55	180	0	180	174.452	0	0	
110	1	4	1	108	1	3950	3872.52	180	0	60	77.4815	0	0	
120	1	4	1	109	1	4310	4135.63	180	0	180	174.366	0	0	
115	1	4	1	109	1	4310	4042.15	180	0	240	267.851	0	0	
131	1	4	1	110	1	4670	4330.95	180	0	360	339.051	0	0	
128	1	4	1	109	1	4310	4302.47	180	0	0	7.53499	0	0	
124	1	4	1	109	1	4310	4208.44	180	0	120	101.561	0	0	
127	1	4	1	109	1	4310	4287.4	180	0	0	22.6014	0	0	
132	1	4	1	110	1	4670	4376.29	180	0	300	293.715	0	0	
134	1	4	2	210	1	4670	4382.39	180	0	300	287.611	0	0	
126	1	4	1	109	1	4310	4249.45	180	0	60	60.5502	0	0	
129	1	4	1	110	1	4670	4329.16	180	0	360	340.844	0	0	
136	1	4	1	110	1	4670	4398.5	180	0	300	271.503	0	0	
121	1	4	1	109	1	4310	4160.03	180	0	120	149.974	0	0	
138	1	4	1	110	1	4670	4434.55	180	0	240	235.447	0	0	
137	1	4	1	110	1	4670	4419.9	180	0	240	250.104	0	0	
139	1	4	1	110	1	4670	4448.01	180	0	240	221.988	0	0	
123	1	4	1	109	1	4310	4196.17	180	0	120	113.831	0	0	
122	1	4	1	109	1	4310	4160.93	180	0	120	149.066	0	0	
130	1	4	1	110	1	4670	4330.33	180	0	360	339.666	0	0	
133	1	4	1	110	1	4670	4376.51	180	0	300	293.488	0	0	
135	1	4	1	110	1	4670	4385.42	180	0	300	284.579	0	0	
125	1	4	1	109	1	4310	4226.28	180	0	60	83.7248	0	0	
154	1	4	1	111	1	5030	4777.66	180	0	240	252.344	0	0	
155	1	4	1	111	1	5030	4782.09	180	0	240	247.91	0	0	
156	1	4	1	111	1	5030	4793.26	180	0	240	236.745	0	0	
146	1	4	1	110	1	4670	4636.06	180	0	60	33.941	0	0	
140	1	4	1	110	1	4670	4465.72	180	0	180	204.283	0	0	
157	1	4	1	111	1	5030	4805.26	180	0	240	224.739	0	0	
158	1	4	1	111	1	5030	4810.74	180	0	240	219.262	0	0	
145	1	4	1	110	1	4670	4565.99	180	0	120	104.009	0	0	
147	1	4	1	110	1	4670	4659.59	180	0	0	10.4119	0	0	
142	1	4	1	110	1	4670	4506.24	180	0	180	163.756	0	0	
148	1	4	1	111	1	5030	4680.8	180	0	360	349.202	0	0	
141	1	4	1	110	1	4670	4479.09	180	0	180	190.907	0	0	
144	1	4	1	110	1	4670	4530.22	180	0	120	139.781	0	0	
149	1	4	1	111	1	5030	4687.58	180	0	360	342.42	0	0	
143	1	4	1	110	1	4670	4525.31	180	0	120	144.692	0	0	
150	1	4	1	111	1	5030	4717.25	180	0	300	312.748	0	0	
151	1	4	1	111	1	5030	4723.76	180	0	300	306.24	0	0	
153	1	4	1	111	1	5030	4756.37	180	0	300	273.633	0	0	
152	1	4	1	111	1	5030	4738.3	180	0	300	291.705	0	0	
173	1	4	1	112	1	5390	5068.11	180	0	300	321.89	0	0	
174	1	4	1	112	1	5390	5103.28	180	0	300	286.718	0	0	
166	1	4	1	111	1	5030	4897.97	180	0	120	132.029	0	0	
169	1	4	1	111	1	5030	4997.14	180	0	60	32.8647	0	0	
161	1	4	1	111	1	5030	4823.58	180	0	180	206.415	0	0	
164	1	4	1	111	1	5030	4869.58	180	0	180	160.418	0	0	
168	1	4	1	111	1	5030	4993.2	180	0	60	36.7954	0	0	
171	1	4	1	111	1	5030	5012.17	180	0	0	17.83	0	0	
159	1	4	1	111	1	5030	4811.96	180	0	240	218.041	0	0	
163	1	4	1	111	1	5030	4863.51	180	0	180	166.487	0	0	
170	1	4	1	111	1	5030	5010	180	0	0	19.9993	0	0	
162	1	4	1	111	1	5030	4847.7	180	0	180	182.304	0	0	
175	1	4	1	112	1	5390	5103.55	180	0	300	286.447	0	0	
165	1	4	1	111	1	5030	4880.5	180	0	120	149.499	0	0	
176	1	4	1	112	1	5390	5104.84	180	0	300	285.159	0	0	
172	1	4	1	112	1	5390	5034.9	180	0	360	355.102	0	0	
160	1	4	1	111	1	5030	4819.09	180	0	240	210.906	0	0	
177	1	4	1	112	1	5390	5115.98	180	0	300	274.018	0	0	
167	1	4	1	111	1	5030	4928.11	180	0	120	101.886	0	0	
191	1	4	1	112	1	5390	5310.18	180	0	60	79.8181	0	0	
188	1	4	1	112	1	5390	5265.6	180	0	120	124.404	0	0	
193	1	4	1	112	1	5390	5366.68	180	0	0	23.32	0	0	
182	1	4	1	112	1	5390	5184.63	180	0	180	205.375	0	0	
187	1	4	1	112	1	5390	5246.32	180	0	120	143.682	0	0	
180	1	4	1	112	1	5390	5142.53	180	0	240	247.472	0	0	
189	1	4	1	112	1	5390	5274.23	180	0	120	115.765	0	0	
190	1	4	1	112	1	5390	5295.39	180	0	120	94.6087	0	0	
184	1	4	1	112	1	5390	5230.24	180	0	180	159.759	0	0	
192	1	4	1	112	1	5390	5365.98	180	0	0	24.0214	0	0	
183	1	4	1	112	1	5390	5198.89	180	0	180	191.113	0	0	
186	1	4	1	112	1	5390	5244.98	180	0	120	145.019	0	0	
185	1	4	1	112	1	5390	5235.31	180	0	180	154.693	0	0	
179	1	4	1	112	1	5390	5129.63	180	0	240	260.369	0	0	
181	1	4	1	112	1	5390	5158.19	180	0	240	231.808	0	0	
194	1	4	1	112	1	5390	5389.63	180	0	0	0.365048	0	0	
178	1	4	1	112	1	5390	5120.24	180	0	240	269.759	0	0	
7	1	4	2	203	1	2150	2116.79	180	0	60	33.2095	0	0	
7	1	4	4	410	3	3050.1	2116.79	90	0	120	117	0	0	
8	1	4	2	203	1	2150	2123.18	180	0	0	26.8226	0	0	
8	1	4	4	410	3	3050.1	2123.18	90	0	120	117	0	0	
9	1	4	1	104	1	2510	2163.21	180	0	360	346.794	0	0	
10	1	4	1	104	1	2510	2172.37	180	0	360	337.627	0	0	
11	1	4	2	204	1	2510	2179.84	180	0	360	330.164	0	0	
11	1	4	3	303	2	3230.1	2179.84	450	0	300	298	0	0	
12	1	4	1	104	1	2510	2197.68	180	0	300	312.319	0	0	
13	1	4	1	104	1	2510	2215.73	180	0	300	294.269	0	0	
0	1	4	1	103	1	2150	1929.61	180	0	240	220.388	0	0	
1	1	4	1	103	1	2150	2007.17	180	0	120	142.833	0	0	
2	1	4	2	203	1	2150	2025.86	180	0	120	124.141	0	0	
2	1	4	4	410	3	3050.1	2025.86	90	0	120	117	0	0	
3	1	4	2	203	1	2150	2038.25	180	0	120	111.747	0	0	
3	1	4	4	410	3	3050.1	2038.25	90	0	120	117	0	0	
4	1	4	1	103	1	2150	2039.21	180	0	120	110.789	0	0	
5	1	4	2	203	1	2150	2047.84	180	0	120	102.158	0	0	
5	1	4	4	410	3	3050.1	2047.84	90	0	120	117	0	0	
6	1	4	2	203	1	2150	2095.19	180	0	60	54.8074	0	0	
6	1	4	4	410	3	3050.1	2095.19	90	0	120	117	0	0	
14	1	4	2	204	1	2510	2225.07	180	0	300	284.931	0	0	
14	1	4	4	412	3	3410.1	2225.07	90	0	120	117	0	0	
15	1	4	1	104	1	2510	2226.39	180	0	300	283.61	0	0	
16	1	4	1	104	1	2510	2226.59	180	0	300	283.41	0	0	
23	1	4	2	204	1	2510	2322.44	180	0	180	187.56	0	0	
23	1	4	4	412	3	3410.1	2322.44	90	0	120	117	0	0	
17	1	4	1	104	1	2510	2234.01	180	0	300	275.99	0	0	
25	1	4	1	104	1	2510	2365.66	180	0	120	144.338	0	0	
18	1	4	1	104	1	2510	2242.76	180	0	240	267.24	0	0	
20	1	4	1	104	1	2510	2249.03	180	0	240	260.967	0	0	
24	1	4	1	104	1	2510	2343.13	180	0	180	166.874	0	0	
19	1	4	2	204	1	2510	2244.11	180	0	240	265.888	0	0	
19	1	4	4	412	3	3410.1	2244.11	90	0	120	117	0	0	
21	1	4	1	104	1	2510	2286.37	180	0	240	223.634	0	0	
22	1	4	1	104	1	2510	2301.63	180	0	180	208.374	0	0	
42	1	4	1	105	1	2870	2614.02	180	0	240	255.98	0	0	
31	1	4	1	104	1	2510	2431.94	180	0	60	78.0557	0	0	
32	1	4	1	104	1	2510	2438.62	180	0	60	71.3754	0	0	
34	1	4	2	204	1	2510	2456.67	180	0	60	53.3268	0	0	
34	1	4	4	412	3	3410.1	2456.67	90	0	120	117	0	0	
37	1	4	1	104	1	2510	2500.9	180	0	0	9.10172	0	0	
27	1	4	1	104	1	2510	2377.58	180	0	120	132.419	0	0	
38	1	4	1	105	1	2870	2583.24	180	0	300	286.757	0	0	
26	1	4	1	104	1	2510	2376.75	180	0	120	133.246	0	0	
28	1	4	1	104	1	2510	2383.57	180	0	120	126.432	0	0	
40	1	4	1	105	1	2870	2592.35	180	0	300	277.651	0	0	
43	1	4	1	105	1	2870	2634.27	180	0	240	235.726	0	0	
41	1	4	2	205	1	2870	2610.26	180	0	240	259.739	0	0	
41	1	4	4	414	3	3770.1	2610.26	90	0	120	117	0	0	
44	1	4	1	105	1	2870	2645.06	180	0	240	224.937	0	0	
30	1	4	2	204	1	2510	2418.23	180	0	120	91.7733	0	0	
30	1	4	4	412	3	3410.1	2418.23	90	0	120	117	0	0	
39	1	4	1	105	1	2870	2591.28	180	0	300	278.715	0	0	
29	1	4	1	104	1	2510	2408.46	180	0	120	101.538	0	0	
35	1	4	2	204	1	2510	2478.48	180	0	60	31.5243	0	0	
35	1	4	4	412	3	3410.1	2478.48	90	0	120	117	0	0	
33	1	4	2	204	1	2510	2442.34	180	0	60	67.655	0	0	
33	1	4	3	303	2	3230.1	2442.34	450	0	300	298	0	0	
36	1	4	2	204	1	2510	2500.53	180	0	0	9.47434	0	0	
36	1	4	3	303	2	3230.1	2500.53	450	0	300	298	0	0	
63	1	4	2	206	1	3230	2946.49	180	0	300	283.515	0	0	
63	1	4	4	416	3	4130.1	2946.49	90	0	120	117	0	0	
56	1	4	1	105	1	2870	2797.13	180	0	60	72.8713	0	0	
57	1	4	1	105	1	2870	2815.26	180	0	60	54.7361	0	0	
52	1	4	2	205	1	2870	2749.54	180	0	120	120.456	0	0	
52	1	4	4	414	3	3770.1	2749.54	90	0	120	117	0	0	
53	1	4	1	105	1	2870	2754.53	180	0	120	115.466	0	0	
48	1	4	2	205	1	2870	2706.79	180	0	180	163.211	0	0	
48	1	4	4	414	3	3770.1	2706.79	90	0	120	117	0	0	
59	1	4	2	205	1	2870	2849.13	180	0	0	20.8698	0	0	
59	1	4	4	414	3	3770.1	2849.13	90	0	120	117	0	0	
47	1	4	2	205	1	2870	2693.19	180	0	180	176.81	0	0	
47	1	4	4	414	3	3770.1	2693.19	90	0	120	117	0	0	
49	1	4	1	105	1	2870	2711.75	180	0	180	158.253	0	0	
55	1	4	2	205	1	2870	2789.61	180	0	60	80.391	0	0	
55	1	4	4	414	3	3770.1	2789.61	90	0	120	117	0	0	
58	1	4	1	105	1	2870	2815.94	180	0	60	54.0633	0	0	
45	1	4	2	205	1	2870	2672.28	180	0	180	197.725	0	0	
45	1	4	4	414	3	3770.1	2672.28	90	0	120	117	0	0	
61	1	4	2	206	1	3230	2921.07	180	0	300	308.935	0	0	
61	1	4	4	416	3	4130.1	2921.07	90	0	120	117	0	0	
62	1	4	1	106	1	3230	2937.59	180	0	300	292.412	0	0	
50	1	4	2	205	1	2870	2726.74	180	0	120	143.256	0	0	
50	1	4	4	414	3	3770.1	2726.74	90	0	120	117	0	0	
60	1	4	1	106	1	3230	2901.96	180	0	300	328.038	0	0	
46	1	4	2	205	1	2870	2680.13	180	0	180	189.869	0	0	
46	1	4	4	414	3	3770.1	2680.13	90	0	120	117	0	0	
51	1	4	2	205	1	2870	2734.06	180	0	120	135.935	0	0	
51	1	4	4	414	3	3770.1	2734.06	90	0	120	117	0	0	
54	1	4	1	105	1	2870	2765.08	180	0	120	104.924	0	0	
81	1	4	1	107	1	3590	3324.08	180	0	240	265.917	0	0	
77	1	4	1	107	1	3590	3256.25	180	0	360	333.746	0	0	
78	1	4	1	107	1	3590	3271.37	180	0	300	318.629	0	0	
73	1	4	1	106	1	3230	3147.24	180	0	60	82.7636	0	0	
68	1	4	2	206	1	3230	3052.56	180	0	180	177.441	0	0	
68	1	4	3	304	2	4130.1	3052.56	450	0	480	478	0	0	
74	1	4	2	206	1	3230	3161.76	180	0	60	68.2382	0	0	
74	1	4	4	416	3	4130.1	3161.76	90	0	120	117	0	0	
70	1	4	1	106	1	3230	3105.4	180	0	120	124.597	0	0	
64	1	4	1	106	1	3230	2965.38	180	0	240	264.618	0	0	
69	1	4	2	206	1	3230	3100.61	180	0	120	129.386	0	0	
69	1	4	3	304	2	4130.1	3100.61	450	0	480	478	0	0	
76	1	4	1	107	1	3590	3238.72	180	0	360	351.281	0	0	
79	1	4	1	107	1	3590	3289.58	180	0	300	300.416	0	0	
80	1	4	1	107	1	3590	3298.78	180	0	300	291.222	0	0	
65	1	4	2	206	1	3230	2975.68	180	0	240	254.322	0	0	
65	1	4	4	416	3	4130.1	2975.68	90	0	120	117	0	0	
82	1	4	1	107	1	3590	3325.82	180	0	240	264.178	0	0	
66	1	4	2	206	1	3230	2990.48	180	0	240	239.521	0	0	
66	1	4	4	416	3	4130.1	2990.48	90	0	120	117	0	0	
67	1	4	2	206	1	3230	3047.04	180	0	180	182.961	0	0	
67	1	4	3	304	2	4130.1	3047.04	450	0	480	478	0	0	
71	1	4	2	206	1	3230	3108.64	180	0	120	121.361	0	0	
71	1	4	4	416	3	4130.1	3108.64	90	0	120	117	0	0	
72	1	4	2	206	1	3230	3121.99	180	0	120	108.011	0	0	
72	1	4	3	304	2	4130.1	3121.99	450	0	480	478	0	0	
75	1	4	1	107	1	3590	3236.49	180	0	360	353.513	0	0	
96	1	4	1	108	1	3950	3701.35	180	0	240	248.65	0	0	
101	1	4	1	108	1	3950	3903.58	180	0	60	46.4205	0	0	
98	1	4	1	108	1	3950	3766.82	180	0	180	183.18	0	0	
86	1	4	2	207	1	3590	3470.62	180	0	120	119.377	0	0	
86	1	4	3	304	2	4130.1	3470.62	450	0	120	118	0	0	
84	1	4	1	107	1	3590	3392.7	180	0	180	197.301	0	0	
89	1	4	1	107	1	3590	3521.9	180	0	60	68.0975	0	0	
91	1	4	1	107	1	3590	3568.66	180	0	0	21.3403	0	0	
90	1	4	1	107	1	3590	3558.96	180	0	60	31.0417	0	0	
94	1	4	1	108	1	3950	3662.78	180	0	300	287.217	0	0	
83	1	4	1	107	1	3590	3339.15	180	0	240	250.851	0	0	
95	1	4	1	108	1	3950	3690.24	180	0	240	259.761	0	0	
87	1	4	1	107	1	3590	3480.5	180	0	120	109.497	0	0	
97	1	4	1	108	1	3950	3752	180	0	180	197.997	0	0	
99	1	4	1	108	1	3950	3809.85	180	0	120	140.148	0	0	
92	1	4	1	108	1	3950	3633.82	180	0	300	316.175	0	0	
100	1	4	1	108	1	3950	3852.73	180	0	120	97.2662	0	0	
88	1	4	1	107	1	3590	3514.14	180	0	60	75.8608	0	0	
93	1	4	1	108	1	3950	3647.23	180	0	300	302.771	0	0	
85	1	4	2	207	1	3590	3437.23	180	0	180	152.766	0	0	
85	1	4	4	418	3	4490.1	3437.23	90	0	120	117	0	0	
117	1	4	1	109	1	4310	4277.29	180	0	60	32.705	0	0	
102	1	4	1	108	1	3950	3913.54	180	0	60	36.4552	0	0	
120	1	4	1	109	1	4310	4303.74	180	0	0	6.26165	0	0	
107	1	4	1	109	1	4310	4090.47	180	0	240	219.529	0	0	
103	1	4	1	109	1	4310	3965.42	180	0	360	344.584	0	0	
105	1	4	1	109	1	4310	4041.6	180	0	240	268.396	0	0	
111	1	4	1	109	1	4310	4121	180	0	180	189.003	0	0	
110	1	4	1	109	1	4310	4098.18	180	0	240	211.815	0	0	
112	1	4	1	109	1	4310	4121.85	180	0	180	188.151	0	0	
104	1	4	1	109	1	4310	4020.76	180	0	300	289.24	0	0	
115	1	4	1	109	1	4310	4253.6	180	0	60	56.3991	0	0	
108	1	4	1	109	1	4310	4091.94	180	0	240	218.062	0	0	
116	1	4	1	109	1	4310	4271.4	180	0	60	38.5965	0	0	
118	1	4	1	109	1	4310	4280.92	180	0	0	29.0779	0	0	
119	1	4	1	109	1	4310	4298.67	180	0	0	11.3314	0	0	
113	1	4	1	109	1	4310	4165.91	180	0	120	144.093	0	0	
109	1	4	1	109	1	4310	4096.59	180	0	240	213.413	0	0	
114	1	4	1	109	1	4310	4187.06	180	0	120	122.94	0	0	
106	1	4	1	109	1	4310	4069.19	180	0	240	240.807	0	0	
122	1	4	1	110	1	4670	4358.21	180	0	300	311.79	0	0	
124	1	4	1	110	1	4670	4424.25	180	0	240	245.748	0	0	
135	1	4	1	110	1	4670	4564.68	180	0	120	105.32	0	0	
125	1	4	1	110	1	4670	4435.27	180	0	240	234.727	0	0	
138	1	4	1	110	1	4670	4618.6	180	0	60	51.396	0	0	
139	1	4	1	111	1	5030	4687.81	180	0	360	342.195	0	0	
131	1	4	1	110	1	4670	4494.58	180	0	180	175.424	0	0	
121	1	4	1	110	1	4670	4328.15	180	0	360	341.854	0	0	
126	1	4	1	110	1	4670	4458.31	180	0	240	211.693	0	0	
127	1	4	1	110	1	4670	4470.06	180	0	180	199.942	0	0	
123	1	4	1	110	1	4670	4400.7	180	0	240	269.301	0	0	
132	1	4	1	110	1	4670	4542.15	180	0	120	127.853	0	0	
133	1	4	1	110	1	4670	4543.5	180	0	120	126.497	0	0	
136	1	4	1	110	1	4670	4592.15	180	0	60	77.8539	0	0	
128	1	4	1	110	1	4670	4471.59	180	0	180	198.412	0	0	
137	1	4	1	110	1	4670	4616.12	180	0	60	53.8846	0	0	
129	1	4	1	110	1	4670	4487.09	180	0	180	182.911	0	0	
130	1	4	1	110	1	4670	4489.24	180	0	180	180.758	0	0	
134	1	4	1	110	1	4670	4551.24	180	0	120	118.757	0	0	
156	1	4	1	111	1	5030	4943.11	180	0	60	86.8934	0	0	
144	1	4	1	111	1	5030	4737.59	180	0	300	292.405	0	0	
157	1	4	1	111	1	5030	4944.21	180	0	60	85.7923	0	0	
158	1	4	1	111	1	5030	4950.55	180	0	60	79.4472	0	0	
145	1	4	1	111	1	5030	4752.84	180	0	300	277.161	0	0	
147	1	4	1	111	1	5030	4767.36	180	0	240	262.645	0	0	
141	1	4	1	111	1	5030	4724.49	180	0	300	305.508	0	0	
140	1	4	1	111	1	5030	4690.98	180	0	360	339.023	0	0	
142	1	4	1	111	1	5030	4727.46	180	0	300	302.545	0	0	
143	1	4	1	111	1	5030	4735.09	180	0	300	294.907	0	0	
146	1	4	1	111	1	5030	4752.93	180	0	300	277.07	0	0	
149	1	4	1	111	1	5030	4801.08	180	0	240	228.923	0	0	
152	1	4	1	111	1	5030	4855.73	180	0	180	174.266	0	0	
153	1	4	1	111	1	5030	4908.18	180	0	120	121.823	0	0	
150	1	4	1	111	1	5030	4811.09	180	0	240	218.907	0	0	
151	1	4	1	111	1	5030	4838.99	180	0	180	191.007	0	0	
154	1	4	1	111	1	5030	4925.95	180	0	120	104.051	0	0	
155	1	4	1	111	1	5030	4926.51	180	0	120	103.49	0	0	
148	1	4	1	111	1	5030	4772.12	180	0	240	257.875	0	0	
175	1	4	1	112	1	5390	5115.3	180	0	300	274.701	0	0	
167	1	4	1	112	1	5390	5050.78	180	0	360	339.22	0	0	
176	1	4	1	112	1	5390	5165.22	180	0	240	224.78	0	0	
177	1	4	1	112	1	5390	5177.02	180	0	240	212.982	0	0	
173	1	4	1	112	1	5390	5103.67	180	0	300	286.33	0	0	
168	1	4	1	112	1	5390	5053.16	180	0	360	336.844	0	0	
162	1	4	1	111	1	5030	5011.77	180	0	0	18.2307	0	0	
161	1	4	1	111	1	5030	4993.74	180	0	60	36.2571	0	0	
159	1	4	1	111	1	5030	4953.45	180	0	60	76.5508	0	0	
163	1	4	1	111	1	5030	5012.49	180	0	0	17.5149	0	0	
165	1	4	1	112	1	5390	5041.69	180	0	360	348.308	0	0	
169	1	4	1	112	1	5390	5062.8	180	0	300	327.197	0	0	
170	1	4	1	112	1	5390	5070.52	180	0	300	319.475	0	0	
160	1	4	1	111	1	5030	4966.12	180	0	60	63.8782	0	0	
171	1	4	1	112	1	5390	5079.76	180	0	300	310.239	0	0	
172	1	4	1	112	1	5390	5102.84	180	0	300	287.163	0	0	
174	1	4	1	112	1	5390	5104.87	180	0	300	285.125	0	0	
164	1	4	1	111	1	5030	5014.28	180	0	0	15.7185	0	0	
166	1	4	1	112	1	5390	5043.39	180	0	360	346.608	0	0	
178	1	4	1	112	1	5390	5178.63	180	0	240	211.368	0	0	
190	1	4	1	112	1	5390	5333.83	180	0	60	56.1667	0	0	
186	1	4	1	112	1	5390	5269.8	180	0	120	120.198	0	0	
187	1	4	1	112	1	5390	5299.11	180	0	120	90.8918	0	0	
189	1	4	1	112	1	5390	5325.65	180	0	60	64.3493	0	0	
183	1	4	1	112	1	5390	5223.12	180	0	180	166.883	0	0	
182	1	4	1	112	1	5390	5207.53	180	0	180	182.47	0	0	
184	1	4	1	112	1	5390	5225.94	180	0	180	164.062	0	0	
180	1	4	1	112	1	5390	5183.21	180	0	180	206.794	0	0	
185	1	4	1	112	1	5390	5240.55	180	0	120	149.452	0	0	
188	1	4	1	112	1	5390	5314.63	180	0	60	75.366	0	0	
179	1	4	1	112	1	5390	5180.68	180	0	180	209.322	0	0	
181	1	4	1	112	1	5390	5192.14	180	0	180	197.862	0	0	
0	1	4	1	103	1	2150	1800.8	180	0	360	349.2	0	0	
1	1	4	1	103	1	2150	1830.94	180	0	300	319.065	0	0	
2	1	4	1	103	1	2150	1833.27	180	0	300	316.729	0	0	
3	1	4	1	103	1	2150	1852.24	180	0	300	297.764	0	0	
4	1	4	1	103	1	2150	1855.24	180	0	300	294.756	0	0	
5	1	4	1	103	1	2150	1869.45	180	0	300	280.553	0	0	
6	1	4	1	103	1	2150	1873.9	180	0	300	276.1	0	0	
7	1	4	1	103	1	2150	1878.07	180	0	300	271.93	0	0	
8	1	4	1	103	1	2150	1886.84	180	0	240	263.162	0	0	
9	1	4	1	103	1	2150	1922.19	180	0	240	227.813	0	0	
10	1	4	1	103	1	2150	1933.4	180	0	240	216.597	0	0	
11	1	4	1	103	1	2150	1939.68	180	0	240	210.316	0	0	
12	1	4	1	103	1	2150	1939.8	180	0	240	210.203	0	0	
13	1	4	1	103	1	2150	1957.98	180	0	180	192.024	0	0	
14	1	4	1	103	1	2150	1979.26	180	0	180	170.737	0	0	
15	1	4	1	103	1	2150	1996.74	180	0	180	153.263	0	0	
16	1	4	1	103	1	2150	2026.92	180	0	120	123.079	0	0	
17	1	4	1	103	1	2150	2031.09	180	0	120	118.911	0	0	
18	1	4	1	103	1	2150	2043.4	180	0	120	106.599	0	0	
19	1	4	1	103	1	2150	2054.62	180	0	120	95.3818	0	0	
20	1	4	1	103	1	2150	2069.85	180	0	60	80.1466	0	0	
21	1	4	1	103	1	2150	2114.02	180	0	60	35.9759	0	0	
22	1	4	1	103	1	2150	2148.04	180	0	0	1.96379	0	0	
23	1	4	1	104	1	2510	2157.42	180	0	360	352.578	0	0	
24	1	4	1	104	1	2510	2192.5	180	0	300	317.497	0	0	
25	1	4	1	104	1	2510	2194.51	180	0	300	315.49	0	0	
26	1	4	1	104	1	2510	2197.84	180	0	300	312.162	0	0	
27	1	4	1	104	1	2510	2289.21	180	0	240	220.789	0	0	
28	1	4	1	104	1	2510	2307.7	180	0	180	202.299	0	0	
29	1	4	1	104	1	2510	2349.09	180	0	180	160.915	0	0	
30	1	4	1	104	1	2510	2354.08	180	0	180	155.919	0	0	
31	1	4	1	104	1	2510	2386.24	180	0	120	123.757	0	0	
32	1	4	1	104	1	2510	2405.06	180	0	120	104.941	0	0	
33	1	4	1	104	1	2510	2412.49	180	0	120	97.5097	0	0	
34	1	4	1	104	1	2510	2428.17	180	0	60	81.8337	0	0	
35	1	4	1	104	1	2510	2458.34	180	0	60	51.6584	0	0	
36	1	4	1	104	1	2510	2461.4	180	0	60	48.5966	0	0	
37	1	4	1	104	1	2510	2473.82	180	0	60	36.1778	0	0	
38	1	4	1	104	1	2510	2497.92	180	0	0	12.081	0	0	
39	1	4	1	104	1	2510	2500.53	180	0	0	9.46997	0	0	
40	1	4	1	105	1	2870	2567.74	180	0	300	302.255	0	0	
41	1	4	1	105	1	2870	2586.58	180	0	300	283.416	0	0	
42	1	4	1	105	1	2870	2630.45	180	0	240	239.551	0	0	
43	1	4	1	105	1	2870	2653.76	180	0	240	216.241	0	0	
44	1	4	1	105	1	2870	2654.56	180	0	240	215.439	0	0	
45	1	4	1	105	1	2870	2673.99	180	0	180	196.013	0	0	
46	1	4	1	105	1	2870	2682.63	180	0	180	187.375	0	0	
47	1	4	1	105	1	2870	2753.79	180	0	120	116.209	0	0	
48	1	4	1	105	1	2870	2801.93	180	0	60	68.0668	0	0	
49	1	4	1	105	1	2870	2811.96	180	0	60	58.0404	0	0	
50	1	4	1	106	1	3230	2889.42	180	0	360	340.582	0	0	
51	1	4	1	106	1	3230	2892.63	180	0	360	337.367	0	0	
52	1	4	1	106	1	3230	2912.89	180	0	300	317.112	0	0	
53	1	4	1	106	1	3230	2919.22	180	0	300	310.775	0	0	
54	1	4	1	106	1	3230	2942.18	180	0	300	287.823	0	0	
55	1	4	1	106	1	3230	2953.1	180	0	300	276.9	0	0	
56	1	4	1	106	1	3230	2971.07	180	0	240	258.931	0	0	
57	1	4	1	106	1	3230	2989.42	180	0	240	240.581	0	0	
58	1	4	1	106	1	3230	3008.12	180	0	240	221.876	0	0	
59	1	4	1	106	1	3230	3010.75	180	0	240	219.254	0	0	
60	1	4	1	106	1	3230	3014.45	180	0	240	215.554	0	0	
61	1	4	1	106	1	3230	3019.91	180	0	240	210.094	0	0	
62	1	4	1	106	1	3230	3021.86	180	0	180	208.143	0	0	
63	1	4	1	106	1	3230	3028.4	180	0	180	201.596	0	0	
64	1	4	1	106	1	3230	3035.83	180	0	180	194.175	0	0	
65	1	4	1	106	1	3230	3065.66	180	0	180	164.345	0	0	
66	1	4	1	106	1	3230	3070.77	180	0	180	159.234	0	0	
67	1	4	1	106	1	3230	3073.16	180	0	180	156.843	0	0	
68	1	4	1	106	1	3230	3090.04	180	0	120	139.957	0	0	
69	1	4	1	106	1	3230	3100.28	180	0	120	129.716	0	0	
70	1	4	1	106	1	3230	3120.55	180	0	120	109.447	0	0	
71	1	4	1	106	1	3230	3129.77	180	0	120	100.233	0	0	
72	1	4	1	106	1	3230	3172.87	180	0	60	57.1307	0	0	
73	1	4	1	106	1	3230	3176.99	180	0	60	53.013	0	0	
74	1	4	1	106	1	3230	3192.62	180	0	60	37.3827	0	0	
75	1	4	1	106	1	3230	3203.63	180	0	0	26.3699	0	0	
76	1	4	1	106	1	3230	3220.34	180	0	0	9.65512	0	0	
77	1	4	1	107	1	3590	3249.53	180	0	360	340.47	0	0	
78	1	4	1	107	1	3590	3257.14	180	0	360	332.863	0	0	
79	1	4	1	107	1	3590	3279.46	180	0	300	310.538	0	0	
80	1	4	1	107	1	3590	3331.38	180	0	240	258.621	0	0	
81	1	4	1	107	1	3590	3372.54	180	0	240	217.464	0	0	
82	1	4	1	107	1	3590	3386.75	180	0	180	203.247	0	0	
83	1	4	1	107	1	3590	3392.49	180	0	180	197.512	0	0	
84	1	4	1	107	1	3590	3432.06	180	0	180	157.937	0	0	
85	1	4	1	107	1	3590	3490.15	180	0	120	99.8487	0	0	
86	1	4	1	107	1	3590	3491.5	180	0	120	98.4977	0	0	
87	1	4	1	107	1	3590	3500.13	180	0	60	89.8697	0	0	
88	1	4	1	107	1	3590	3529.83	180	0	60	60.1685	0	0	
89	1	4	1	107	1	3590	3533.16	180	0	60	56.8376	0	0	
90	1	4	1	107	1	3590	3564.94	180	0	0	25.0568	0	0	
91	1	4	1	107	1	3590	3579.89	180	0	0	10.1053	0	0	
92	1	4	1	107	1	3590	3579.97	180	0	0	10.0342	0	0	
93	1	4	1	107	1	3590	3581.36	180	0	0	8.64448	0	0	
94	1	4	1	108	1	3950	3603.4	180	0	360	346.596	0	0	
95	1	4	1	108	1	3950	3604.97	180	0	360	345.03	0	0	
96	1	4	1	108	1	3950	3628.66	180	0	300	321.342	0	0	
97	1	4	1	108	1	3950	3631.93	180	0	300	318.072	0	0	
98	1	4	1	108	1	3950	3633.99	180	0	300	316.005	0	0	
99	1	4	1	108	1	3950	3653.06	180	0	300	296.942	0	0	
100	1	4	1	108	1	3950	3663.91	180	0	300	286.088	0	0	
101	1	4	1	108	1	3950	3691.87	180	0	240	258.134	0	0	
102	1	4	1	108	1	3950	3697.96	180	0	240	252.042	0	0	
103	1	4	1	108	1	3950	3708.16	180	0	240	241.838	0	0	
104	1	4	1	108	1	3950	3709.84	180	0	240	240.159	0	0	
105	1	4	1	108	1	3950	3709.85	180	0	240	240.146	0	0	
106	1	4	1	108	1	3950	3713.71	180	0	240	236.288	0	0	
107	1	4	1	108	1	3950	3721.14	180	0	240	228.86	0	0	
108	1	4	1	108	1	3950	3727.63	180	0	240	222.366	0	0	
109	1	4	1	108	1	3950	3738.87	180	0	240	211.133	0	0	
110	1	4	1	108	1	3950	3763.49	180	0	180	186.511	0	0	
111	1	4	1	108	1	3950	3788.08	180	0	180	161.924	0	0	
112	1	4	1	108	1	3950	3796.77	180	0	180	153.227	0	0	
113	1	4	1	108	1	3950	3825.59	180	0	120	124.411	0	0	
114	1	4	1	108	1	3950	3835.21	180	0	120	114.794	0	0	
115	1	4	1	108	1	3950	3849.49	180	0	120	100.505	0	0	
116	1	4	1	108	1	3950	3871.14	180	0	60	78.862	0	0	
117	1	4	1	108	1	3950	3872.73	180	0	60	77.2702	0	0	
118	1	4	1	108	1	3950	3884.19	180	0	60	65.8096	0	0	
119	1	4	1	109	1	4310	3959.77	180	0	360	350.228	0	0	
120	1	4	1	109	1	4310	3968.99	180	0	360	341.011	0	0	
121	1	4	1	109	1	4310	3969.24	180	0	360	340.763	0	0	
122	1	4	1	109	1	4310	3985.02	180	0	300	324.982	0	0	
123	1	4	1	109	1	4310	3993.2	180	0	300	316.803	0	0	
124	1	4	1	109	1	4310	4016.65	180	0	300	293.346	0	0	
125	1	4	1	109	1	4310	4019.63	180	0	300	290.367	0	0	
126	1	4	1	109	1	4310	4031.67	180	0	300	278.328	0	0	
127	1	4	1	109	1	4310	4042.24	180	0	240	267.755	0	0	
128	1	4	1	109	1	4310	4071.55	180	0	240	238.449	0	0	
129	1	4	1	109	1	4310	4084.45	180	0	240	225.546	0	0	
130	1	4	1	109	1	4310	4085.14	180	0	240	224.863	0	0	
131	1	4	1	109	1	4310	4093.8	180	0	240	216.204	0	0	
132	1	4	1	109	1	4310	4097.54	180	0	240	212.459	0	0	
133	1	4	1	109	1	4310	4122.21	180	0	180	187.794	0	0	
134	1	4	1	109	1	4310	4131.54	180	0	180	178.458	0	0	
135	1	4	1	109	1	4310	4140.15	180	0	180	169.85	0	0	
136	1	4	1	109	1	4310	4148.52	180	0	180	161.482	0	0	
137	1	4	1	109	1	4310	4166.27	180	0	120	143.735	0	0	
138	1	4	1	109	1	4310	4199.28	180	0	120	110.718	0	0	
139	1	4	1	109	1	4310	4236.14	180	0	60	73.8581	0	0	
140	1	4	1	109	1	4310	4265.52	180	0	60	44.4849	0	0	
141	1	4	1	109	1	4310	4288.64	180	0	0	21.3617	0	0	
142	1	4	1	110	1	4670	4315.37	180	0	360	354.628	0	0	
143	1	4	1	110	1	4670	4315.9	180	0	360	354.105	0	0	
144	1	4	1	110	1	4670	4316.12	180	0	360	353.885	0	0	
145	1	4	1	110	1	4670	4331.62	180	0	360	338.381	0	0	
146	1	4	1	110	1	4670	4333.6	180	0	360	336.396	0	0	
147	1	4	1	110	1	4670	4342.91	180	0	300	327.086	0	0	
148	1	4	1	110	1	4670	4366.21	180	0	300	303.793	0	0	
149	1	4	1	110	1	4670	4372.49	180	0	300	297.507	0	0	
150	1	4	1	110	1	4670	4412.39	180	0	240	257.61	0	0	
151	1	4	1	110	1	4670	4443.8	180	0	240	226.203	0	0	
152	1	4	1	110	1	4670	4465.74	180	0	180	204.265	0	0	
153	1	4	1	110	1	4670	4476.94	180	0	180	193.055	0	0	
154	1	4	1	110	1	4670	4482.58	180	0	180	187.418	0	0	
155	1	4	1	110	1	4670	4502.17	180	0	180	167.826	0	0	
156	1	4	1	110	1	4670	4504.97	180	0	180	165.026	0	0	
157	1	4	1	110	1	4670	4515.69	180	0	180	154.315	0	0	
158	1	4	1	110	1	4670	4517.25	180	0	180	152.753	0	0	
159	1	4	1	110	1	4670	4517.28	180	0	180	152.723	0	0	
160	1	4	1	110	1	4670	4536.68	180	0	120	133.322	0	0	
161	1	4	1	110	1	4670	4649.32	180	0	0	20.6835	0	0	
162	1	4	1	110	1	4670	4662.91	180	0	0	7.09152	0	0	
163	1	4	1	111	1	5030	4682.35	180	0	360	347.652	0	0	
164	1	4	1	111	1	5030	4700.67	180	0	300	329.327	0	0	
165	1	4	1	111	1	5030	4717.73	180	0	300	312.273	0	0	
166	1	4	1	111	1	5030	4720.73	180	0	300	309.27	0	0	
167	1	4	1	111	1	5030	4727.67	180	0	300	302.334	0	0	
168	1	4	1	111	1	5030	4734.21	180	0	300	295.791	0	0	
169	1	4	1	111	1	5030	4736.36	180	0	300	293.64	0	0	
170	1	4	1	111	1	5030	4815.25	180	0	240	214.751	0	0	
171	1	4	1	111	1	5030	4816.02	180	0	240	213.983	0	0	
172	1	4	1	111	1	5030	4828.12	180	0	180	201.876	0	0	
173	1	4	1	111	1	5030	4834.78	180	0	180	195.223	0	0	
174	1	4	1	111	1	5030	4854.3	180	0	180	175.704	0	0	
175	1	4	1	111	1	5030	4871.07	180	0	180	158.929	0	0	
176	1	4	1	111	1	5030	4886.67	180	0	120	143.335	0	0	
177	1	4	1	111	1	5030	4914.2	180	0	120	115.803	0	0	
178	1	4	1	111	1	5030	4935.13	180	0	120	94.8655	0	0	
179	1	4	1	111	1	5030	4939.98	180	0	120	90.0202	0	0	
180	1	4	1	111	1	5030	4982.66	180	0	60	47.3446	0	0	
181	1	4	1	111	1	5030	4995.45	180	0	60	34.5458	0	0	
182	1	4	1	111	1	5030	5008.23	180	0	0	21.7719	0	0	
183	1	4	1	112	1	5390	5041.79	180	0	360	348.211	0	0	
184	1	4	1	112	1	5390	5051.21	180	0	360	338.789	0	0	
185	1	4	1	112	1	5390	5057.85	180	0	360	332.154	0	0	
186	1	4	1	112	1	5390	5062.73	180	0	300	327.268	0	0	
187	1	4	1	112	1	5390	5074.51	180	0	300	315.492	0	0	
188	1	4	1	112	1	5390	5080.65	180	0	300	309.347	0	0	
189	1	4	1	112	1	5390	5082.64	180	0	300	307.357	0	0	
190	1	4	1	112	1	5390	5108.15	180	0	300	281.85	0	0	
191	1	4	1	112	1	5390	5114.25	180	0	300	275.747	0	0	
192	1	4	1	112	1	5390	5137.85	180	0	240	252.148	0	0	
193	1	4	1	112	1	5390	5214.49	180	0	180	175.513	0	0	
194	1	4	1	112	1	5390	5231.57	180	0	180	158.433	0	0	
195	1	4	1	112	1	5390	5241.29	180	0	120	148.708	0	0	
196	1	4	1	112	1	5390	5243.44	180	0	120	146.556	0	0	
197	1	4	1	112	1	5390	5255.73	180	0	120	134.271	0	0	
198	1	4	1	112	1	5390	5260.63	180	0	120	129.372	0	0	
199	1	4	1	112	1	5390	5262.64	180	0	120	127.356	0	0	
200	1	4	1	112	1	5390	5297.11	180	0	120	92.8922	0	0	
201	1	4	1	112	1	5390	5304.36	180	0	60	85.6432	0	0	
202	1	4	1	112	1	5390	5305.49	180	0	60	84.5079	0	0	
203	1	4	1	112	1	5390	5315.99	180	0	60	74.0093	0	0	
204	1	4	1	112	1	5390	5316.68	180	0	60	73.3248	0	0	
205	1	4	1	112	1	5390	5317.68	180	0	60	72.3184	0	0	
206	1	4	1	112	1	5390	5357.69	180	0	60	32.3063	0	0	
207	1	4	1	112	1	5390	5369.75	180	0	0	20.2534	0	0	
208	1	4	1	112	1	5390	5383.53	180	0	0	6.47229	0	0	
0	1	4	1	103	1	2150	1834.04	180	0	300	315.961	0	0	
1	1	4	1	103	1	2150	1838.39	180	0	300	311.607	0	0	
2	1	4	1	103	1	2150	1866.99	180	0	300	283.013	0	0	
3	1	4	2	203	1	2150	1869.03	180	0	300	280.974	0	0	
3	1	4	3	303	2	3230.1	1869.03	450	0	660	658	0	0	
4	1	4	1	103	1	2150	1876.59	180	0	300	273.413	0	0	
5	1	4	1	103	1	2150	1887.71	180	0	240	262.288	0	0	
6	1	4	1	103	1	2150	1890.82	180	0	240	259.182	0	0	
7	1	4	2	203	1	2150	1904.78	180	0	240	245.217	0	0	
7	1	4	3	303	2	3230.1	1904.78	450	0	660	658	0	0	
8	1	4	2	203	1	2150	1970.34	180	0	180	179.658	0	0	
8	1	4	3	303	2	3230.1	1970.34	450	0	660	658	0	0	
9	1	4	1	103	1	2150	1983.74	180	0	180	166.256	0	0	
10	1	4	1	103	1	2150	1991.62	180	0	180	158.383	0	0	
11	1	4	1	103	1	2150	2003.14	180	0	120	146.859	0	0	
12	1	4	1	103	1	2150	2021.47	180	0	120	128.527	0	0	
13	1	4	2	203	1	2150	2035.59	180	0	120	114.407	0	0	
13	1	4	3	303	2	3230.1	2035.59	450	0	660	658	0	0	
14	1	4	1	103	1	2150	2037.31	180	0	120	112.686	0	0	
15	1	4	1	103	1	2150	2042.22	180	0	120	107.781	0	0	
16	1	4	1	103	1	2150	2046.94	180	0	120	103.065	0	0	
17	1	4	1	103	1	2150	2056.85	180	0	120	93.1522	0	0	
18	1	4	1	103	1	2150	2065.34	180	0	60	84.6619	0	0	
19	1	4	1	103	1	2150	2071.44	180	0	60	78.5634	0	0	
20	1	4	1	103	1	2150	2126.5	180	0	0	23.4994	0	0	
21	1	4	1	103	1	2150	2146.64	180	0	0	3.35672	0	0	
22	1	4	1	103	1	2150	2146.82	180	0	0	3.17532	0	0	
23	1	4	1	103	1	2150	2147.26	180	0	0	2.73921	0	0	
24	1	4	1	104	1	2510	2158.75	180	0	360	351.248	0	0	
25	1	4	1	104	1	2510	2177.34	180	0	360	332.662	0	0	
26	1	4	1	104	1	2510	2179	180	0	360	331.001	0	0	
27	1	4	1	104	1	2510	2208.48	180	0	300	301.518	0	0	
28	1	4	2	204	1	2510	2209.53	180	0	300	300.472	0	0	
28	1	4	3	303	2	3230.1	2209.53	450	0	300	298	0	0	
29	1	4	1	104	1	2510	2215.43	180	0	300	294.565	0	0	
30	1	4	1	104	1	2510	2225.98	180	0	300	284.023	0	0	
31	1	4	1	104	1	2510	2287.02	180	0	240	222.98	0	0	
32	1	4	1	104	1	2510	2358.27	180	0	180	151.731	0	0	
33	1	4	1	104	1	2510	2361.9	180	0	120	148.098	0	0	
34	1	4	1	104	1	2510	2371.09	180	0	120	138.907	0	0	
35	1	4	1	104	1	2510	2381.31	180	0	120	128.69	0	0	
36	1	4	1	104	1	2510	2388.47	180	0	120	121.529	0	0	
37	1	4	1	104	1	2510	2399.71	180	0	120	110.289	0	0	
38	1	4	1	104	1	2510	2406.31	180	0	120	103.694	0	0	
39	1	4	1	104	1	2510	2450.2	180	0	60	59.798	0	0	
40	1	4	1	104	1	2510	2452.91	180	0	60	57.0924	0	0	
41	1	4	2	204	1	2510	2469.2	180	0	60	40.7965	0	0	
41	1	4	3	303	2	3230.1	2469.2	450	0	300	298	0	0	
42	1	4	1	104	1	2510	2495.11	180	0	0	14.8884	0	0	
43	1	4	1	105	1	2870	2516.57	180	0	360	353.43	0	0	
44	1	4	1	105	1	2870	2527.36	180	0	360	342.64	0	0	
45	1	4	1	105	1	2870	2540.37	180	0	300	329.626	0	0	
46	1	4	1	105	1	2870	2557.03	180	0	300	312.967	0	0	
47	1	4	1	105	1	2870	2559.6	180	0	300	310.398	0	0	
48	1	4	2	205	1	2870	2564.68	180	0	300	305.317	0	0	
48	1	4	3	304	2	4130.1	2564.68	450	0	840	838	0	0	
49	1	4	2	205	1	2870	2577.79	180	0	300	292.214	0	0	
49	1	4	3	304	2	4130.1	2577.79	450	0	840	838	0	0	
50	1	4	1	105	1	2870	2578.65	180	0	300	291.354	0	0	
51	1	4	1	105	1	2870	2624.77	180	0	240	245.235	0	0	
52	1	4	1	105	1	2870	2642.68	180	0	240	227.321	0	0	
53	1	4	1	105	1	2870	2672.52	180	0	180	197.485	0	0	
54	1	4	1	105	1	2870	2680.95	180	0	180	189.055	0	0	
55	1	4	1	105	1	2870	2695.86	180	0	180	174.142	0	0	
56	1	4	1	105	1	2870	2721.76	180	0	120	148.245	0	0	
57	1	4	2	205	1	2870	2722.13	180	0	120	147.871	0	0	
57	1	4	3	304	2	4130.1	2722.13	450	0	840	838	0	0	
58	1	4	1	105	1	2870	2725.13	180	0	120	144.869	0	0	
59	1	4	2	205	1	2870	2729.07	180	0	120	140.934	0	0	
59	1	4	3	304	2	4130.1	2729.07	450	0	840	838	0	0	
60	1	4	1	105	1	2870	2746.52	180	0	120	123.479	0	0	
61	1	4	2	205	1	2870	2749.69	180	0	120	120.312	0	0	
61	1	4	3	304	2	4130.1	2749.69	450	0	840	838	0	0	
62	1	4	1	105	1	2870	2752.45	180	0	120	117.545	0	0	
63	1	4	2	205	1	2870	2777.93	180	0	120	92.0654	0	0	
63	1	4	3	304	2	4130.1	2777.93	450	0	840	838	0	0	
64	1	4	1	105	1	2870	2780.8	180	0	60	89.1951	0	0	
65	1	4	1	105	1	2870	2814.17	180	0	60	55.8276	0	0	
66	1	4	1	105	1	2870	2823.56	180	0	60	46.4428	0	0	
67	1	4	1	105	1	2870	2835.33	180	0	60	34.6723	0	0	
68	1	4	2	205	1	2870	2864.92	180	0	0	5.07857	0	0	
68	1	4	3	304	2	4130.1	2864.92	450	0	840	838	0	0	
69	1	4	1	106	1	3230	2885.04	180	0	360	344.957	0	0	
70	1	4	1	106	1	3230	2907.02	180	0	300	322.981	0	0	
71	1	4	1	106	1	3230	2919.82	180	0	300	310.183	0	0	
72	1	4	1	106	1	3230	2935.11	180	0	300	294.895	0	0	
73	1	4	2	206	1	3230	2945.35	180	0	300	284.651	0	0	
73	1	4	3	304	2	4130.1	2945.35	450	0	480	478	0	0	
74	1	4	2	206	1	3230	2957.48	180	0	300	272.516	0	0	
74	1	4	3	304	2	4130.1	2957.48	450	0	480	478	0	0	
75	1	4	1	106	1	3230	2961.08	180	0	240	268.918	0	0	
76	1	4	1	106	1	3230	2971.33	180	0	240	258.668	0	0	
77	1	4	2	206	1	3230	2985.98	180	0	240	244.021	0	0	
77	1	4	3	304	2	4130.1	2985.98	450	0	480	478	0	0	
78	1	4	2	206	1	3230	3011.36	180	0	240	218.644	0	0	
78	1	4	3	304	2	4130.1	3011.36	450	0	480	478	0	0	
79	1	4	2	206	1	3230	3029.13	180	0	180	200.875	0	0	
79	1	4	3	304	2	4130.1	3029.13	450	0	480	478	0	0	
80	1	4	2	206	1	3230	3038.21	180	0	180	191.785	0	0	
80	1	4	3	304	2	4130.1	3038.21	450	0	480	478	0	0	
81	1	4	2	206	1	3230	3047.5	180	0	180	182.497	0	0	
81	1	4	3	304	2	4130.1	3047.5	450	0	480	478	0	0	
82	1	4	1	106	1	3230	3054.43	180	0	180	175.568	0	0	
83	1	4	1	106	1	3230	3070.52	180	0	180	159.484	0	0	
84	1	4	1	106	1	3230	3111.48	180	0	120	118.522	0	0	
85	1	4	1	106	1	3230	3117.9	180	0	120	112.095	0	0	
86	1	4	1	106	1	3230	3190.34	180	0	60	39.6638	0	0	
87	1	4	1	106	1	3230	3222.32	180	0	0	7.68335	0	0	
88	1	4	1	107	1	3590	3244.54	180	0	360	345.455	0	0	
89	1	4	1	107	1	3590	3270.67	180	0	300	319.334	0	0	
90	1	4	1	107	1	3590	3277.11	180	0	300	312.892	0	0	
91	1	4	1	107	1	3590	3289.61	180	0	300	300.387	0	0	
92	1	4	1	107	1	3590	3332.75	180	0	240	257.25	0	0	
93	1	4	1	107	1	3590	3341.64	180	0	240	248.363	0	0	
94	1	4	1	107	1	3590	3356.07	180	0	240	233.93	0	0	
95	1	4	2	207	1	3590	3384.99	180	0	180	205.015	0	0	
95	1	4	3	304	2	4130.1	3384.99	450	0	120	118	0	0	
96	1	4	1	107	1	3590	3401.94	180	0	180	188.058	0	0	
97	1	4	1	107	1	3590	3403.75	180	0	180	186.251	0	0	
98	1	4	1	107	1	3590	3418.01	180	0	180	171.986	0	0	
99	1	4	1	107	1	3590	3432.48	180	0	180	157.523	0	0	
100	1	4	1	107	1	3590	3476.35	180	0	120	113.652	0	0	
101	1	4	1	107	1	3590	3483.78	180	0	120	106.222	0	0	
102	1	4	1	107	1	3590	3492.99	180	0	120	97.0052	0	0	
103	1	4	1	107	1	3590	3504.3	180	0	60	85.7025	0	0	
104	1	4	1	107	1	3590	3561.67	180	0	0	28.3346	0	0	
105	1	4	1	108	1	3950	3593.33	180	0	360	356.666	0	0	
106	1	4	1	108	1	3950	3595.27	180	0	360	354.727	0	0	
107	1	4	1	108	1	3950	3606.47	180	0	360	343.527	0	0	
108	1	4	1	108	1	3950	3614.28	180	0	360	335.716	0	0	
109	1	4	1	108	1	3950	3619.9	180	0	360	330.102	0	0	
110	1	4	1	108	1	3950	3661.61	180	0	300	288.394	0	0	
111	1	4	1	108	1	3950	3673.5	180	0	300	276.496	0	0	
112	1	4	1	108	1	3950	3699.61	180	0	240	250.391	0	0	
113	1	4	1	108	1	3950	3728.95	180	0	240	221.046	0	0	
114	1	4	1	108	1	3950	3731.52	180	0	240	218.483	0	0	
115	1	4	1	108	1	3950	3768.34	180	0	180	181.664	0	0	
116	1	4	1	108	1	3950	3787.08	180	0	180	162.915	0	0	
117	1	4	1	108	1	3950	3802.1	180	0	120	147.901	0	0	
118	1	4	1	108	1	3950	3821.49	180	0	120	128.513	0	0	
119	1	4	1	108	1	3950	3844.07	180	0	120	105.933	0	0	
120	1	4	1	108	1	3950	3857.91	180	0	120	92.0935	0	0	
121	1	4	2	208	1	3950	3897.48	180	0	60	52.5189	0	0	
121	1	4	3	305	2	5030.1	3897.48	450	0	660	658	0	0	
122	1	4	1	108	1	3950	3931.77	180	0	0	18.2345	0	0	
123	1	4	1	109	1	4310	4006.97	180	0	300	303.031	0	0	
124	1	4	2	209	1	4310	4007.15	180	0	300	302.853	0	0	
124	1	4	3	305	2	5030.1	4007.15	450	0	300	298	0	0	
125	1	4	1	109	1	4310	4015.19	180	0	300	294.809	0	0	
126	1	4	1	109	1	4310	4048.19	180	0	240	261.807	0	0	
127	1	4	1	109	1	4310	4055.03	180	0	240	254.971	0	0	
128	1	4	1	109	1	4310	4085.08	180	0	240	224.918	0	0	
129	1	4	1	109	1	4310	4096.82	180	0	240	213.176	0	0	
130	1	4	1	109	1	4310	4134.42	180	0	180	175.579	0	0	
131	1	4	1	109	1	4310	4157.51	180	0	180	152.489	0	0	
132	1	4	1	109	1	4310	4158.63	180	0	180	151.37	0	0	
133	1	4	1	109	1	4310	4166.59	180	0	120	143.407	0	0	
134	1	4	1	109	1	4310	4187.92	180	0	120	122.076	0	0	
135	1	4	1	109	1	4310	4192.71	180	0	120	117.286	0	0	
136	1	4	1	109	1	4310	4194.85	180	0	120	115.152	0	0	
137	1	4	1	109	1	4310	4209.35	180	0	120	100.649	0	0	
138	1	4	1	109	1	4310	4211.27	180	0	120	98.7343	0	0	
139	1	4	1	109	1	4310	4214.54	180	0	120	95.4586	0	0	
140	1	4	1	109	1	4310	4226.88	180	0	60	83.121	0	0	
141	1	4	1	109	1	4310	4233.07	180	0	60	76.9299	0	0	
142	1	4	1	109	1	4310	4253.45	180	0	60	56.5499	0	0	
143	1	4	1	109	1	4310	4263.82	180	0	60	46.1768	0	0	
144	1	4	1	109	1	4310	4279.37	180	0	60	30.6328	0	0	
145	1	4	1	109	1	4310	4280.01	180	0	0	29.9906	0	0	
146	1	4	1	109	1	4310	4309.97	180	0	0	0.034311	0	0	
147	1	4	1	110	1	4670	4327.26	180	0	360	342.736	0	0	
148	1	4	1	110	1	4670	4342.43	180	0	300	327.568	0	0	
149	1	4	1	110	1	4670	4348.36	180	0	300	321.637	0	0	
150	1	4	1	110	1	4670	4356.04	180	0	300	313.956	0	0	
151	1	4	1	110	1	4670	4356.68	180	0	300	313.317	0	0	
152	1	4	1	110	1	4670	4362.51	180	0	300	307.491	0	0	
153	1	4	2	210	1	4670	4370.43	180	0	300	299.565	0	0	
154	1	4	1	110	1	4670	4387.01	180	0	300	282.989	0	0	
155	1	4	1	110	1	4670	4389.34	180	0	300	280.663	0	0	
156	1	4	1	110	1	4670	4467.83	180	0	180	202.17	0	0	
157	1	4	1	110	1	4670	4485.6	180	0	180	184.395	0	0	
158	1	4	1	110	1	4670	4488.85	180	0	180	181.155	0	0	
159	1	4	1	110	1	4670	4501.56	180	0	180	168.439	0	0	
160	1	4	1	110	1	4670	4512.34	180	0	180	157.665	0	0	
161	1	4	1	110	1	4670	4549.65	180	0	120	120.347	0	0	
162	1	4	1	110	1	4670	4555.47	180	0	120	114.528	0	0	
163	1	4	1	110	1	4670	4570.7	180	0	120	99.2979	0	0	
164	1	4	1	110	1	4670	4602.99	180	0	60	67.0119	0	0	
165	1	4	1	110	1	4670	4605.83	180	0	60	64.1667	0	0	
166	1	4	1	110	1	4670	4619.04	180	0	60	50.9618	0	0	
167	1	4	1	110	1	4670	4633.37	180	0	60	36.6257	0	0	
168	1	4	1	110	1	4670	4638.51	180	0	60	31.4875	0	0	
169	1	4	1	110	1	4670	4641.17	180	0	0	28.8339	0	0	
170	1	4	2	210	1	4670	4652.21	180	0	0	17.7945	0	0	
171	1	4	1	110	1	4670	4660.9	180	0	0	9.10395	0	0	
172	1	4	1	111	1	5030	4672.23	180	0	360	357.765	0	0	
173	1	4	1	111	1	5030	4681.63	180	0	360	348.37	0	0	
174	1	4	1	111	1	5030	4704.1	180	0	300	325.897	0	0	
175	1	4	1	111	1	5030	4712.44	180	0	300	317.556	0	0	
176	1	4	1	111	1	5030	4718.73	180	0	300	311.268	0	0	
177	1	4	1	111	1	5030	4743.97	180	0	300	286.033	0	0	
178	1	4	1	111	1	5030	4775.01	180	0	240	254.987	0	0	
179	1	4	1	111	1	5030	4782.83	180	0	240	247.168	0	0	
180	1	4	1	111	1	5030	4801.46	180	0	240	228.541	0	0	
181	1	4	1	111	1	5030	4810.42	180	0	240	219.579	0	0	
182	1	4	1	111	1	5030	4815.12	180	0	240	214.876	0	0	
183	1	4	1	111	1	5030	4841.53	180	0	180	188.471	0	0	
184	1	4	2	211	1	5030	4918.39	180	0	120	111.613	0	0	
185	1	4	1	111	1	5030	4919	180	0	120	111	0	0	
186	1	4	1	111	1	5030	4920.97	180	0	120	109.035	0	0	
187	1	4	1	111	1	5030	4938.52	180	0	120	91.4761	0	0	
188	1	4	2	211	1	5030	4940.99	180	0	60	89.0098	0	0	
189	1	4	1	111	1	5030	4977.36	180	0	60	52.6365	0	0	
190	1	4	2	211	1	5030	4984.01	180	0	60	45.9865	0	0	
191	1	4	1	111	1	5030	4985.24	180	0	60	44.7592	0	0	
192	1	4	1	111	1	5030	4995.61	180	0	60	34.3908	0	0	
193	1	4	1	111	1	5030	5006.14	180	0	0	23.857	0	0	
194	1	4	1	111	1	5030	5022.17	180	0	0	7.83068	0	0	
195	1	4	1	111	1	5030	5027.2	180	0	0	2.80319	0	0	
196	1	4	1	112	1	5390	5031.41	180	0	360	358.593	0	0	
197	1	4	1	112	1	5390	5048.6	180	0	360	341.399	0	0	
198	1	4	1	112	1	5390	5072.08	180	0	300	317.925	0	0	
199	1	4	1	112	1	5390	5133.3	180	0	240	256.698	0	0	
200	1	4	1	112	1	5390	5143.94	180	0	240	246.062	0	0	
201	1	4	1	112	1	5390	5146.49	180	0	240	243.513	0	0	
202	1	4	1	112	1	5390	5238.85	180	0	180	151.146	0	0	
203	1	4	1	112	1	5390	5270.38	180	0	120	119.62	0	0	
204	1	4	2	212	1	5390	5287.97	180	0	120	102.035	0	0	
205	1	4	1	112	1	5390	5312.2	180	0	60	77.8007	0	0	
206	1	4	1	112	1	5390	5316.62	180	0	60	73.3796	0	0	
207	1	4	1	112	1	5390	5321.59	180	0	60	68.4128	0	0	
208	1	4	1	112	1	5390	5321.75	180	0	60	68.2501	0	0	
209	1	4	1	112	1	5390	5331.38	180	0	60	58.6168	0	0	
210	1	4	1	112	1	5390	5335.87	180	0	60	54.1311	0	0	
211	1	4	1	112	1	5390	5365.02	180	0	0	24.9765	0	0	
212	1	4	1	112	1	5390	5373.05	180	0	0	16.952	0	0	
213	1	4	1	112	1	5390	5388.02	180	0	0	1.97918	0	0	
0	1	4	2	203	1	2150	1808.54	180	0	360	341.46	0	0	
0	1	4	4	410	3	3050.1	1808.54	90	0	120	117	0	0	
1	1	4	2	203	1	2150	1832.31	180	0	300	317.686	0	0	
1	1	4	4	410	3	3050.1	1832.31	90	0	120	117	0	0	
2	1	4	2	203	1	2150	1835.14	180	0	300	314.861	0	0	
2	1	4	4	410	3	3050.1	1835.14	90	0	120	117	0	0	
3	1	4	2	203	1	2150	1864.25	180	0	300	285.753	0	0	
3	1	4	4	410	3	3050.1	1864.25	90	0	120	117	0	0	
4	1	4	2	203	1	2150	1874.53	180	0	300	275.472	0	0	
4	1	4	4	410	3	3050.1	1874.53	90	0	120	117	0	0	
5	1	4	2	203	1	2150	1900.12	180	0	240	249.883	0	0	
5	1	4	4	410	3	3050.1	1900.12	90	0	120	117	0	0	
6	1	4	2	203	1	2150	1900.48	180	0	240	249.519	0	0	
6	1	4	4	410	3	3050.1	1900.48	90	0	120	117	0	0	
7	1	4	2	203	1	2150	1960.85	180	0	180	189.151	0	0	
7	1	4	4	410	3	3050.1	1960.85	90	0	120	117	0	0	
8	1	4	2	203	1	2150	1985.94	180	0	180	164.059	0	0	
8	1	4	4	410	3	3050.1	1985.94	90	0	120	117	0	0	
9	1	4	2	203	1	2150	1993.81	180	0	180	156.192	0	0	
9	1	4	4	410	3	3050.1	1993.81	90	0	120	117	0	0	
10	1	4	2	203	1	2150	2009.58	180	0	120	140.416	0	0	
10	1	4	4	410	3	3050.1	2009.58	90	0	120	117	0	0	
11	1	4	2	203	1	2150	2046.02	180	0	120	103.975	0	0	
11	1	4	4	410	3	3050.1	2046.02	90	0	120	117	0	0	
12	1	4	2	203	1	2150	2051.66	180	0	120	98.3357	0	0	
12	1	4	4	410	3	3050.1	2051.66	90	0	120	117	0	0	
13	1	4	2	203	1	2150	2060.41	180	0	60	89.5946	0	0	
13	1	4	4	410	3	3050.1	2060.41	90	0	120	117	0	0	
14	1	4	2	203	1	2150	2060.98	180	0	60	89.0226	0	0	
14	1	4	4	410	3	3050.1	2060.98	90	0	120	117	0	0	
15	1	4	2	203	1	2150	2088.6	180	0	60	61.3985	0	0	
15	1	4	4	410	3	3050.1	2088.6	90	0	120	117	0	0	
16	1	4	2	203	1	2150	2096.48	180	0	60	53.5183	0	0	
16	1	4	4	410	3	3050.1	2096.48	90	0	120	117	0	0	
17	1	4	2	203	1	2150	2123.71	180	0	0	26.2892	0	0	
17	1	4	4	410	3	3050.1	2123.71	90	0	120	117	0	0	
18	1	4	2	203	1	2150	2136.5	180	0	0	13.5001	0	0	
18	1	4	4	410	3	3050.1	2136.5	90	0	120	117	0	0	
19	1	4	1	104	1	2510	2174.75	180	0	360	335.251	0	0	
20	1	4	2	204	1	2510	2183.97	180	0	300	326.033	0	0	
20	1	4	4	412	3	3410.1	2183.97	90	0	120	117	0	0	
21	1	4	1	104	1	2510	2186.73	180	0	300	323.272	0	0	
22	1	4	2	204	1	2510	2217.27	180	0	300	292.734	0	0	
22	1	4	4	412	3	3410.1	2217.27	90	0	120	117	0	0	
23	1	4	1	104	1	2510	2218.22	180	0	300	291.783	0	0	
24	1	4	2	204	1	2510	2243.16	180	0	240	266.843	0	0	
24	1	4	4	412	3	3410.1	2243.16	90	0	120	117	0	0	
25	1	4	2	204	1	2510	2263.99	180	0	240	246.009	0	0	
25	1	4	4	412	3	3410.1	2263.99	90	0	120	117	0	0	
26	1	4	2	204	1	2510	2271.75	180	0	240	238.246	0	0	
26	1	4	4	412	3	3410.1	2271.75	90	0	120	117	0	0	
27	1	4	2	204	1	2510	2288.02	180	0	240	221.983	0	0	
27	1	4	4	412	3	3410.1	2288.02	90	0	120	117	0	0	
28	1	4	2	204	1	2510	2304.78	180	0	180	205.216	0	0	
28	1	4	4	412	3	3410.1	2304.78	90	0	120	117	0	0	
29	1	4	1	104	1	2510	2324.96	180	0	180	185.043	0	0	
30	1	4	1	104	1	2510	2346.17	180	0	180	163.827	0	0	
31	1	4	2	204	1	2510	2350.13	180	0	180	159.868	0	0	
31	1	4	4	412	3	3410.1	2350.13	90	0	120	117	0	0	
32	1	4	2	204	1	2510	2387.21	180	0	120	122.791	0	0	
32	1	4	4	412	3	3410.1	2387.21	90	0	120	117	0	0	
33	1	4	2	204	1	2510	2402.36	180	0	120	107.638	0	0	
33	1	4	4	412	3	3410.1	2402.36	90	0	120	117	0	0	
34	1	4	2	204	1	2510	2404.84	180	0	120	105.163	0	0	
34	1	4	4	412	3	3410.1	2404.84	90	0	120	117	0	0	
35	1	4	2	204	1	2510	2427.84	180	0	60	82.1565	0	0	
35	1	4	4	412	3	3410.1	2427.84	90	0	120	117	0	0	
36	1	4	2	204	1	2510	2440.45	180	0	60	69.546	0	0	
36	1	4	4	412	3	3410.1	2440.45	90	0	120	117	0	0	
37	1	4	2	204	1	2510	2448.23	180	0	60	61.7669	0	0	
37	1	4	4	412	3	3410.1	2448.23	90	0	120	117	0	0	
38	1	4	2	204	1	2510	2456.45	180	0	60	53.5465	0	0	
38	1	4	4	412	3	3410.1	2456.45	90	0	120	117	0	0	
39	1	4	1	104	1	2510	2460.86	180	0	60	49.1356	0	0	
40	1	4	2	204	1	2510	2461.49	180	0	60	48.5118	0	0	
40	1	4	4	412	3	3410.1	2461.49	90	0	120	117	0	0	
41	1	4	2	204	1	2510	2463.88	180	0	60	46.1192	0	0	
41	1	4	4	412	3	3410.1	2463.88	90	0	120	117	0	0	
42	1	4	2	204	1	2510	2465.43	180	0	60	44.5651	0	0	
42	1	4	4	412	3	3410.1	2465.43	90	0	120	117	0	0	
43	1	4	1	104	1	2510	2501.07	180	0	0	8.93019	0	0	
44	1	4	2	204	1	2510	2509.66	180	0	0	0.338599	0	0	
44	1	4	4	412	3	3410.1	2509.66	90	0	120	117	0	0	
45	1	4	2	205	1	2870	2515.28	180	0	360	354.719	0	0	
45	1	4	4	414	3	3770.1	2515.28	90	0	120	117	0	0	
46	1	4	2	205	1	2870	2525.84	180	0	360	344.162	0	0	
46	1	4	4	414	3	3770.1	2525.84	90	0	120	117	0	0	
47	1	4	2	205	1	2870	2526.95	180	0	360	343.053	0	0	
47	1	4	4	414	3	3770.1	2526.95	90	0	120	117	0	0	
48	1	4	2	205	1	2870	2548.32	180	0	300	321.685	0	0	
48	1	4	4	414	3	3770.1	2548.32	90	0	120	117	0	0	
49	1	4	2	205	1	2870	2582.19	180	0	300	287.806	0	0	
49	1	4	4	414	3	3770.1	2582.19	90	0	120	117	0	0	
50	1	4	2	205	1	2870	2667.44	180	0	180	202.564	0	0	
50	1	4	4	414	3	3770.1	2667.44	90	0	120	117	0	0	
51	1	4	2	205	1	2870	2675.16	180	0	180	194.839	0	0	
51	1	4	4	414	3	3770.1	2675.16	90	0	120	117	0	0	
52	1	4	1	105	1	2870	2714.48	180	0	180	155.524	0	0	
53	1	4	2	205	1	2870	2716.02	180	0	180	153.981	0	0	
53	1	4	4	414	3	3770.1	2716.02	90	0	120	117	0	0	
54	1	4	2	205	1	2870	2731.1	180	0	120	138.896	0	0	
54	1	4	4	414	3	3770.1	2731.1	90	0	120	117	0	0	
55	1	4	2	205	1	2870	2737	180	0	120	132.995	0	0	
55	1	4	4	414	3	3770.1	2737	90	0	120	117	0	0	
56	1	4	2	205	1	2870	2752.62	180	0	120	117.377	0	0	
56	1	4	4	414	3	3770.1	2752.62	90	0	120	117	0	0	
57	1	4	2	205	1	2870	2761.29	180	0	120	108.714	0	0	
57	1	4	4	414	3	3770.1	2761.29	90	0	120	117	0	0	
58	1	4	2	205	1	2870	2775.28	180	0	120	94.7231	0	0	
58	1	4	4	414	3	3770.1	2775.28	90	0	120	117	0	0	
59	1	4	2	205	1	2870	2792	180	0	60	78.0043	0	0	
59	1	4	4	414	3	3770.1	2792	90	0	120	117	0	0	
60	1	4	2	205	1	2870	2792.69	180	0	60	77.3103	0	0	
60	1	4	4	414	3	3770.1	2792.69	90	0	120	117	0	0	
61	1	4	2	205	1	2870	2817.93	180	0	60	52.0675	0	0	
61	1	4	4	414	3	3770.1	2817.93	90	0	120	117	0	0	
62	1	4	2	205	1	2870	2845.03	180	0	0	24.9715	0	0	
62	1	4	4	414	3	3770.1	2845.03	90	0	120	117	0	0	
63	1	4	2	205	1	2870	2860.74	180	0	0	9.26151	0	0	
63	1	4	4	414	3	3770.1	2860.74	90	0	120	117	0	0	
64	1	4	2	206	1	3230	2900.05	180	0	300	329.946	0	0	
64	1	4	4	416	3	4130.1	2900.05	90	0	120	117	0	0	
65	1	4	2	206	1	3230	2904.54	180	0	300	325.457	0	0	
65	1	4	4	416	3	4130.1	2904.54	90	0	120	117	0	0	
66	1	4	2	206	1	3230	2922.08	180	0	300	307.925	0	0	
66	1	4	4	416	3	4130.1	2922.08	90	0	120	117	0	0	
67	1	4	2	206	1	3230	2931.74	180	0	300	298.256	0	0	
67	1	4	4	416	3	4130.1	2931.74	90	0	120	117	0	0	
68	1	4	2	206	1	3230	2947.38	180	0	300	282.625	0	0	
68	1	4	4	416	3	4130.1	2947.38	90	0	120	117	0	0	
69	1	4	2	206	1	3230	2987.61	180	0	240	242.394	0	0	
69	1	4	4	416	3	4130.1	2987.61	90	0	120	117	0	0	
70	1	4	2	206	1	3230	3004.03	180	0	240	225.973	0	0	
70	1	4	4	416	3	4130.1	3004.03	90	0	120	117	0	0	
71	1	4	2	206	1	3230	3013.25	180	0	240	216.748	0	0	
71	1	4	4	416	3	4130.1	3013.25	90	0	120	117	0	0	
72	1	4	2	206	1	3230	3072.85	180	0	180	157.151	0	0	
72	1	4	4	416	3	4130.1	3072.85	90	0	120	117	0	0	
73	1	4	2	206	1	3230	3073.67	180	0	180	156.328	0	0	
73	1	4	4	416	3	4130.1	3073.67	90	0	120	117	0	0	
74	1	4	2	206	1	3230	3074.51	180	0	180	155.494	0	0	
74	1	4	4	416	3	4130.1	3074.51	90	0	120	117	0	0	
75	1	4	2	206	1	3230	3085.77	180	0	120	144.231	0	0	
75	1	4	4	416	3	4130.1	3085.77	90	0	120	117	0	0	
76	1	4	2	206	1	3230	3100.98	180	0	120	129.016	0	0	
76	1	4	4	416	3	4130.1	3100.98	90	0	120	117	0	0	
77	1	4	2	206	1	3230	3113.54	180	0	120	116.455	0	0	
77	1	4	4	416	3	4130.1	3113.54	90	0	120	117	0	0	
78	1	4	2	206	1	3230	3185.58	180	0	60	44.4242	0	0	
78	1	4	4	416	3	4130.1	3185.58	90	0	120	117	0	0	
79	1	4	2	206	1	3230	3195.11	180	0	60	34.8938	0	0	
79	1	4	4	416	3	4130.1	3195.11	90	0	120	117	0	0	
80	1	4	2	206	1	3230	3200.64	180	0	0	29.356	0	0	
80	1	4	4	416	3	4130.1	3200.64	90	0	120	117	0	0	
81	1	4	2	206	1	3230	3216.59	180	0	0	13.4058	0	0	
81	1	4	4	416	3	4130.1	3216.59	90	0	120	117	0	0	
82	1	4	2	206	1	3230	3223.13	180	0	0	6.87032	0	0	
82	1	4	4	416	3	4130.1	3223.13	90	0	120	117	0	0	
83	1	4	2	206	1	3230	3223.94	180	0	0	6.06221	0	0	
83	1	4	4	416	3	4130.1	3223.94	90	0	120	117	0	0	
84	1	4	2	206	1	3230	3227.72	180	0	0	2.28369	0	0	
84	1	4	4	416	3	4130.1	3227.72	90	0	120	117	0	0	
85	1	4	2	206	1	3230	3229.34	180	0	0	0.659536	0	0	
85	1	4	4	416	3	4130.1	3229.34	90	0	120	117	0	0	
86	1	4	2	207	1	3590	3258	180	0	360	331.998	0	0	
86	1	4	4	418	3	4490.1	3258	90	0	120	117	0	0	
87	1	4	2	207	1	3590	3259.3	180	0	360	330.704	0	0	
87	1	4	4	418	3	4490.1	3259.3	90	0	120	117	0	0	
88	1	4	1	107	1	3590	3259.33	180	0	360	330.673	0	0	
89	1	4	2	207	1	3590	3278.65	180	0	300	311.353	0	0	
89	1	4	4	418	3	4490.1	3278.65	90	0	120	117	0	0	
90	1	4	2	207	1	3590	3322.04	180	0	240	267.956	0	0	
90	1	4	4	418	3	4490.1	3322.04	90	0	120	117	0	0	
91	1	4	1	107	1	3590	3335.9	180	0	240	254.1	0	0	
92	1	4	2	207	1	3590	3336.65	180	0	240	253.35	0	0	
92	1	4	4	418	3	4490.1	3336.65	90	0	120	117	0	0	
93	1	4	2	207	1	3590	3348.11	180	0	240	241.895	0	0	
93	1	4	4	418	3	4490.1	3348.11	90	0	120	117	0	0	
94	1	4	2	207	1	3590	3356.93	180	0	240	233.067	0	0	
94	1	4	4	418	3	4490.1	3356.93	90	0	120	117	0	0	
95	1	4	1	107	1	3590	3359.09	180	0	240	230.905	0	0	
96	1	4	2	207	1	3590	3377.68	180	0	240	212.32	0	0	
96	1	4	4	418	3	4490.1	3377.68	90	0	120	117	0	0	
97	1	4	1	107	1	3590	3379.68	180	0	240	210.321	0	0	
98	1	4	2	207	1	3590	3381.21	180	0	180	208.79	0	0	
98	1	4	4	418	3	4490.1	3381.21	90	0	120	117	0	0	
99	1	4	2	207	1	3590	3383.17	180	0	180	206.834	0	0	
99	1	4	4	418	3	4490.1	3383.17	90	0	120	117	0	0	
100	1	4	2	207	1	3590	3393.72	180	0	180	196.275	0	0	
100	1	4	4	418	3	4490.1	3393.72	90	0	120	117	0	0	
101	1	4	2	207	1	3590	3426.33	180	0	180	163.673	0	0	
101	1	4	4	418	3	4490.1	3426.33	90	0	120	117	0	0	
102	1	4	2	207	1	3590	3431.83	180	0	180	158.166	0	0	
102	1	4	3	304	2	4130.1	3431.83	450	0	120	118	0	0	
103	1	4	2	207	1	3590	3445.94	180	0	120	144.064	0	0	
103	1	4	4	418	3	4490.1	3445.94	90	0	120	117	0	0	
104	1	4	2	207	1	3590	3447.48	180	0	120	142.525	0	0	
104	1	4	4	418	3	4490.1	3447.48	90	0	120	117	0	0	
105	1	4	2	207	1	3590	3470.68	180	0	120	119.317	0	0	
105	1	4	4	418	3	4490.1	3470.68	90	0	120	117	0	0	
106	1	4	1	107	1	3590	3479.97	180	0	120	110.029	0	0	
107	1	4	2	207	1	3590	3482.59	180	0	120	107.406	0	0	
107	1	4	4	418	3	4490.1	3482.59	90	0	120	117	0	0	
108	1	4	2	207	1	3590	3530.9	180	0	60	59.0994	0	0	
108	1	4	4	418	3	4490.1	3530.9	90	0	120	117	0	0	
109	1	4	2	207	1	3590	3550.09	180	0	60	39.9148	0	0	
109	1	4	4	418	3	4490.1	3550.09	90	0	120	117	0	0	
110	1	4	2	207	1	3590	3552.68	180	0	60	37.3194	0	0	
110	1	4	4	418	3	4490.1	3552.68	90	0	120	117	0	0	
111	1	4	2	207	1	3590	3578.02	180	0	0	11.9807	0	0	
111	1	4	4	418	3	4490.1	3578.02	90	0	120	117	0	0	
112	1	4	2	208	1	3950	3614.82	180	0	360	335.184	0	0	
112	1	4	4	420	3	4850.1	3614.82	90	0	120	117	0	0	
113	1	4	2	208	1	3950	3663.33	180	0	300	286.669	0	0	
113	1	4	4	420	3	4850.1	3663.33	90	0	120	117	0	0	
114	1	4	2	208	1	3950	3682.96	180	0	240	267.043	0	0	
114	1	4	4	420	3	4850.1	3682.96	90	0	120	117	0	0	
115	1	4	2	208	1	3950	3683.56	180	0	240	266.436	0	0	
115	1	4	4	420	3	4850.1	3683.56	90	0	120	117	0	0	
116	1	4	2	208	1	3950	3705.23	180	0	240	244.767	0	0	
116	1	4	4	420	3	4850.1	3705.23	90	0	120	117	0	0	
117	1	4	2	208	1	3950	3715.29	180	0	240	234.714	0	0	
117	1	4	4	420	3	4850.1	3715.29	90	0	120	117	0	0	
118	1	4	2	208	1	3950	3734.29	180	0	240	215.706	0	0	
118	1	4	4	420	3	4850.1	3734.29	90	0	120	117	0	0	
119	1	4	2	208	1	3950	3747.26	180	0	180	202.737	0	0	
119	1	4	4	420	3	4850.1	3747.26	90	0	120	117	0	0	
120	1	4	2	208	1	3950	3793.59	180	0	180	156.405	0	0	
120	1	4	4	420	3	4850.1	3793.59	90	0	120	117	0	0	
121	1	4	2	208	1	3950	3798.72	180	0	180	151.282	0	0	
121	1	4	4	420	3	4850.1	3798.72	90	0	120	117	0	0	
122	1	4	2	208	1	3950	3802.63	180	0	120	147.369	0	0	
122	1	4	4	420	3	4850.1	3802.63	90	0	120	117	0	0	
123	1	4	2	208	1	3950	3807.56	180	0	120	142.437	0	0	
123	1	4	4	420	3	4850.1	3807.56	90	0	120	117	0	0	
124	1	4	2	208	1	3950	3818.29	180	0	120	131.705	0	0	
124	1	4	4	420	3	4850.1	3818.29	90	0	120	117	0	0	
125	1	4	2	208	1	3950	3825.79	180	0	120	124.21	0	0	
125	1	4	4	420	3	4850.1	3825.79	90	0	120	117	0	0	
126	1	4	2	208	1	3950	3870.74	180	0	60	79.2588	0	0	
126	1	4	4	420	3	4850.1	3870.74	90	0	120	117	0	0	
127	1	4	2	208	1	3950	3871.13	180	0	60	78.8662	0	0	
127	1	4	4	420	3	4850.1	3871.13	90	0	120	117	0	0	
128	1	4	2	208	1	3950	3879.43	180	0	60	70.5719	0	0	
128	1	4	4	420	3	4850.1	3879.43	90	0	120	117	0	0	
129	1	4	2	208	1	3950	3889.09	180	0	60	60.9099	0	0	
129	1	4	4	420	3	4850.1	3889.09	90	0	120	117	0	0	
130	1	4	2	208	1	3950	3897.84	180	0	60	52.162	0	0	
130	1	4	4	420	3	4850.1	3897.84	90	0	120	117	0	0	
131	1	4	2	208	1	3950	3904.03	180	0	60	45.9651	0	0	
131	1	4	4	420	3	4850.1	3904.03	90	0	120	117	0	0	
132	1	4	2	208	1	3950	3917.04	180	0	60	32.963	0	0	
132	1	4	4	420	3	4850.1	3917.04	90	0	120	117	0	0	
133	1	4	2	209	1	4310	3962.93	180	0	360	347.072	0	0	
133	1	4	4	422	3	5210.1	3962.93	90	0	120	117	0	0	
134	1	4	2	209	1	4310	3964.33	180	0	360	345.673	0	0	
134	1	4	4	422	3	5210.1	3964.33	90	0	120	117	0	0	
135	1	4	2	209	1	4310	3973.47	180	0	360	336.533	0	0	
135	1	4	4	422	3	5210.1	3973.47	90	0	120	117	0	0	
136	1	4	1	109	1	4310	3975.9	180	0	360	334.1	0	0	
137	1	4	2	209	1	4310	4006.3	180	0	300	303.702	0	0	
137	1	4	4	422	3	5210.1	4006.3	90	0	120	117	0	0	
138	1	4	1	109	1	4310	4017.87	180	0	300	292.132	0	0	
139	1	4	1	109	1	4310	4040.57	180	0	240	269.431	0	0	
140	1	4	2	209	1	4310	4051.71	180	0	240	258.294	0	0	
140	1	4	4	422	3	5210.1	4051.71	90	0	120	117	0	0	
141	1	4	1	109	1	4310	4059.79	180	0	240	250.21	0	0	
142	1	4	2	209	1	4310	4076.95	180	0	240	233.055	0	0	
142	1	4	4	422	3	5210.1	4076.95	90	0	120	117	0	0	
143	1	4	1	109	1	4310	4092.65	180	0	240	217.346	0	0	
144	1	4	1	109	1	4310	4128.87	180	0	180	181.127	0	0	
145	1	4	2	209	1	4310	4139.41	180	0	180	170.593	0	0	
145	1	4	4	422	3	5210.1	4139.41	90	0	120	117	0	0	
146	1	4	2	209	1	4310	4148.65	180	0	180	161.35	0	0	
146	1	4	4	422	3	5210.1	4148.65	90	0	120	117	0	0	
147	1	4	2	209	1	4310	4154.97	180	0	180	155.032	0	0	
147	1	4	4	422	3	5210.1	4154.97	90	0	120	117	0	0	
148	1	4	2	209	1	4310	4192.47	180	0	120	117.535	0	0	
148	1	4	4	422	3	5210.1	4192.47	90	0	120	117	0	0	
149	1	4	2	209	1	4310	4217.24	180	0	120	92.7615	0	0	
149	1	4	4	422	3	5210.1	4217.24	90	0	120	117	0	0	
150	1	4	2	209	1	4310	4217.83	180	0	120	92.1725	0	0	
150	1	4	4	422	3	5210.1	4217.83	90	0	120	117	0	0	
151	1	4	2	209	1	4310	4219.3	180	0	120	90.696	0	0	
151	1	4	4	422	3	5210.1	4219.3	90	0	120	117	0	0	
152	1	4	1	109	1	4310	4231.52	180	0	60	78.4786	0	0	
153	1	4	1	109	1	4310	4240.1	180	0	60	69.9002	0	0	
154	1	4	2	209	1	4310	4245.72	180	0	60	64.2837	0	0	
154	1	4	4	422	3	5210.1	4245.72	90	0	120	117	0	0	
155	1	4	2	209	1	4310	4256.29	180	0	60	53.7076	0	0	
155	1	4	4	422	3	5210.1	4256.29	90	0	120	117	0	0	
156	1	4	1	109	1	4310	4285.75	180	0	0	24.2469	0	0	
157	1	4	1	109	1	4310	4298.49	180	0	0	11.5114	0	0	
158	1	4	2	209	1	4310	4298.71	180	0	0	11.2911	0	0	
158	1	4	4	422	3	5210.1	4298.71	90	0	120	117	0	0	
159	1	4	2	209	1	4310	4304.26	180	0	0	5.74458	0	0	
159	1	4	4	422	3	5210.1	4304.26	90	0	120	117	0	0	
160	1	4	2	210	1	4670	4338.51	180	0	360	331.489	0	0	
161	1	4	2	210	1	4670	4353.52	180	0	300	316.483	0	0	
162	1	4	2	210	1	4670	4358.7	180	0	300	311.3	0	0	
163	1	4	2	210	1	4670	4363.09	180	0	300	306.906	0	0	
164	1	4	2	210	1	4670	4412.92	180	0	240	257.081	0	0	
165	1	4	2	210	1	4670	4419.34	180	0	240	250.66	0	0	
166	1	4	2	210	1	4670	4434.21	180	0	240	235.79	0	0	
167	1	4	1	110	1	4670	4434.87	180	0	240	235.132	0	0	
168	1	4	2	210	1	4670	4453.5	180	0	240	216.5	0	0	
169	1	4	2	210	1	4670	4464.17	180	0	180	205.833	0	0	
170	1	4	2	210	1	4670	4479.88	180	0	180	190.125	0	0	
171	1	4	2	210	1	4670	4504.64	180	0	180	165.364	0	0	
172	1	4	2	210	1	4670	4508.76	180	0	180	161.238	0	0	
173	1	4	1	110	1	4670	4539.19	180	0	120	130.808	0	0	
174	1	4	2	210	1	4670	4541.26	180	0	120	128.743	0	0	
175	1	4	2	210	1	4670	4589.45	180	0	60	80.5513	0	0	
176	1	4	2	210	1	4670	4600.16	180	0	60	69.8423	0	0	
177	1	4	2	211	1	5030	4694.3	180	0	360	335.7	0	0	
178	1	4	2	211	1	5030	4711.69	180	0	300	318.306	0	0	
179	1	4	2	211	1	5030	4744.35	180	0	300	285.654	0	0	
180	1	4	2	211	1	5030	4761.12	180	0	240	268.883	0	0	
181	1	4	2	211	1	5030	4761.18	180	0	240	268.824	0	0	
182	1	4	2	211	1	5030	4769.41	180	0	240	260.588	0	0	
183	1	4	2	211	1	5030	4792.07	180	0	240	237.929	0	0	
184	1	4	2	211	1	5030	4811.63	180	0	240	218.375	0	0	
185	1	4	2	211	1	5030	4831.97	180	0	180	198.03	0	0	
186	1	4	2	211	1	5030	4839.1	180	0	180	190.902	0	0	
187	1	4	2	211	1	5030	4857.49	180	0	180	172.51	0	0	
188	1	4	2	211	1	5030	4900.7	180	0	120	129.304	0	0	
189	1	4	2	211	1	5030	4909.68	180	0	120	120.321	0	0	
190	1	4	2	211	1	5030	4925.4	180	0	120	104.605	0	0	
191	1	4	2	211	1	5030	4940.4	180	0	60	89.6002	0	0	
192	1	4	2	211	1	5030	4989.94	180	0	60	40.0632	0	0	
193	1	4	2	211	1	5030	5001.53	180	0	0	28.4748	0	0	
194	1	4	2	211	1	5030	5021.37	180	0	0	8.62946	0	0	
195	1	4	2	211	1	5030	5029.96	180	0	0	0.0351561	0	0	
196	1	4	2	212	1	5390	5056.88	180	0	360	333.123	0	0	
197	1	4	1	112	1	5390	5064.38	180	0	300	325.62	0	0	
198	1	4	1	112	1	5390	5086.24	180	0	300	303.763	0	0	
199	1	4	2	212	1	5390	5087.56	180	0	300	302.443	0	0	
200	1	4	2	212	1	5390	5125.2	180	0	240	264.799	0	0	
201	1	4	2	212	1	5390	5130.14	180	0	240	259.861	0	0	
202	1	4	2	212	1	5390	5143.01	180	0	240	246.989	0	0	
203	1	4	2	212	1	5390	5144.94	180	0	240	245.061	0	0	
204	1	4	2	212	1	5390	5167.05	180	0	240	222.954	0	0	
205	1	4	2	212	1	5390	5168.81	180	0	240	221.189	0	0	
206	1	4	2	212	1	5390	5187.81	180	0	180	202.192	0	0	
207	1	4	2	212	1	5390	5218.08	180	0	180	171.921	0	0	
208	1	4	2	212	1	5390	5222.82	180	0	180	167.181	0	0	
209	1	4	2	212	1	5390	5226.38	180	0	180	163.618	0	0	
210	1	4	2	212	1	5390	5237.04	180	0	180	152.962	0	0	
211	1	4	2	212	1	5390	5266.27	180	0	120	123.731	0	0	
212	1	4	2	212	1	5390	5285.52	180	0	120	104.476	0	0	
213	1	4	2	212	1	5390	5286.69	180	0	120	103.309	0	0	
214	1	4	2	212	1	5390	5310	180	0	60	80.0008	0	0	
215	1	4	2	212	1	5390	5317.22	180	0	60	72.7789	0	0	
216	1	4	2	212	1	5390	5324.62	180	0	60	65.3756	0	0	
217	1	4	2	212	1	5390	5331.02	180	0	60	58.9789	0	0	
218	1	4	2	212	1	5390	5337.07	180	0	60	52.9306	0	0	
219	1	4	2	212	1	5390	5337.56	180	0	60	52.4376	0	0	
220	1	4	2	212	1	5390	5340.91	180	0	60	49.0928	0	0	
221	1	4	2	212	1	5390	5361.36	180	0	0	28.6439	0	0	
1	1	4	1	103	1	2150	1868.51	180	0	300	281.495	0	0	
143	1	4	1	110	1	4670	4396.13	180	0	300	273.87	0	0	
144	1	4	1	110	1	4670	4403.43	180	0	240	266.567	0	0	
145	1	4	1	110	1	4670	4437.35	180	0	240	232.65	0	0	
102	1	4	1	108	1	3950	3824.18	180	0	120	125.82	0	0	
103	1	4	1	108	1	3950	3859.96	180	0	120	90.0444	0	0	
104	1	4	1	108	1	3950	3866.51	180	0	60	83.4911	0	0	
172	1	4	2	211	1	5030	4919.68	180	0	120	110.319	0	0	
173	1	4	2	211	1	5030	4927.31	180	0	120	102.689	0	0	
174	1	4	2	211	1	5030	4931.66	180	0	120	98.3377	0	0	
175	1	4	2	211	1	5030	4973.49	180	0	60	56.5069	0	0	
80	1	4	1	107	1	3590	3403.64	180	0	180	186.355	0	0	
81	1	4	1	107	1	3590	3465.6	180	0	120	124.398	0	0	
55	1	4	1	106	1	3230	3055.11	180	0	180	174.89	0	0	
56	1	4	1	106	1	3230	3062.92	180	0	180	167.085	0	0	
153	1	4	1	110	1	4670	4590.02	180	0	60	79.9839	0	0	
154	1	4	1	110	1	4670	4603.51	180	0	60	66.4862	0	0	
155	1	4	1	110	1	4670	4618.11	180	0	60	51.8856	0	0	
156	1	4	1	110	1	4670	4647.01	180	0	0	22.9925	0	0	
8	1	4	1	103	1	2150	2053.46	180	0	120	96.54	0	0	
6	1	4	1	103	1	2150	2023.61	180	0	120	126.389	0	0	
7	1	4	1	103	1	2150	2031.06	180	0	120	118.935	0	0	
150	1	4	1	110	1	4670	4578.16	180	0	120	91.8415	0	0	
151	1	4	1	110	1	4670	4581.14	180	0	60	88.8601	0	0	
152	1	4	1	110	1	4670	4583.16	180	0	60	86.8371	0	0	
25	1	4	1	104	1	2510	2438.57	180	0	60	71.4336	0	0	
26	1	4	1	104	1	2510	2442.71	180	0	60	67.2908	0	0	
42	1	4	1	105	1	2870	2769.92	180	0	120	100.083	0	0	
43	1	4	1	105	1	2870	2797.12	180	0	60	72.884	0	0	
176	1	4	2	211	1	5030	5007.1	180	0	0	22.901	0	0	
177	1	4	1	112	1	5390	5052.09	180	0	360	337.91	0	0	
178	1	4	1	112	1	5390	5078.15	180	0	300	311.852	0	0	
179	1	4	1	112	1	5390	5099.58	180	0	300	290.415	0	0	
160	1	4	1	111	1	5030	4726.67	180	0	300	303.328	0	0	
161	1	4	1	111	1	5030	4728.85	180	0	300	301.149	0	0	
162	1	4	1	111	1	5030	4729.23	180	0	300	300.773	0	0	
163	1	4	1	111	1	5030	4746.96	180	0	300	283.038	0	0	
168	1	4	1	111	1	5030	4855.4	180	0	180	174.602	0	0	
169	1	4	2	211	1	5030	4856.06	180	0	180	173.943	0	0	
170	1	4	1	111	1	5030	4900.59	180	0	120	129.412	0	0	
171	1	4	2	211	1	5030	4902.77	180	0	120	127.233	0	0	
33	1	4	1	105	1	2870	2567.23	180	0	300	302.767	0	0	
34	1	4	1	105	1	2870	2576.11	180	0	300	293.893	0	0	
72	1	4	1	107	1	3590	3302.34	180	0	300	287.656	0	0	
73	1	4	1	107	1	3590	3303.12	180	0	300	286.884	0	0	
74	1	4	1	107	1	3590	3313.28	180	0	300	276.723	0	0	
119	1	4	1	109	1	4310	4047.52	180	0	240	262.476	0	0	
120	1	4	1	109	1	4310	4070.17	180	0	240	239.826	0	0	
121	1	4	1	109	1	4310	4092.8	180	0	240	217.196	0	0	
110	1	4	1	108	1	3950	3903.07	180	0	60	46.9295	0	0	
111	1	4	1	108	1	3950	3918.96	180	0	60	31.045	0	0	
112	1	4	1	108	1	3950	3932.66	180	0	0	17.3373	0	0	
4	1	4	1	103	1	2150	1968.5	180	0	180	181.496	0	0	
5	1	4	1	103	1	2150	2013.24	180	0	120	136.763	0	0	
38	1	4	1	105	1	2870	2672.87	180	0	180	197.128	0	0	
39	1	4	1	105	1	2870	2673.22	180	0	180	196.782	0	0	
133	1	4	1	109	1	4310	4222.52	180	0	60	87.484	0	0	
134	1	4	1	109	1	4310	4228.69	180	0	60	81.315	0	0	
135	1	4	1	109	1	4310	4240.01	180	0	60	69.9904	0	0	
136	1	4	1	109	1	4310	4244.31	180	0	60	65.6877	0	0	
164	1	4	1	111	1	5030	4753.96	180	0	300	276.037	0	0	
165	1	4	1	111	1	5030	4811.87	180	0	240	218.135	0	0	
166	1	4	1	111	1	5030	4814.44	180	0	240	215.564	0	0	
167	1	4	1	111	1	5030	4847.04	180	0	180	182.956	0	0	
50	1	4	1	106	1	3230	2919.17	180	0	300	310.83	0	0	
51	1	4	1	106	1	3230	2961.47	180	0	240	268.529	0	0	
2	1	4	1	103	1	2150	1889	180	0	240	260.998	0	0	
0	1	4	1	103	1	2150	1853.66	180	0	300	296.335	0	0	
16	1	4	1	104	1	2510	2256.08	180	0	240	253.915	0	0	
17	1	4	1	104	1	2510	2318.14	180	0	180	191.857	0	0	
125	1	4	1	109	1	4310	4139.59	180	0	180	170.412	0	0	
126	1	4	1	109	1	4310	4144.8	180	0	180	165.2	0	0	
127	1	4	1	109	1	4310	4148.46	180	0	180	161.538	0	0	
46	1	4	1	106	1	3230	2870.54	180	0	360	359.462	0	0	
47	1	4	1	106	1	3230	2883.98	180	0	360	346.022	0	0	
89	1	4	1	107	1	3590	3573.76	180	0	0	16.241	0	0	
90	1	4	1	108	1	3950	3604.74	180	0	360	345.263	0	0	
91	1	4	1	108	1	3950	3605.74	180	0	360	344.259	0	0	
113	1	4	1	109	1	4310	3972.57	180	0	360	337.426	0	0	
114	1	4	1	109	1	4310	3976.23	180	0	360	333.771	0	0	
115	1	4	1	109	1	4310	3981.2	180	0	300	328.803	0	0	
108	1	4	1	108	1	3950	3886.76	180	0	60	63.2357	0	0	
109	1	4	1	108	1	3950	3899.2	180	0	60	50.7973	0	0	
180	1	4	2	212	1	5390	5107.13	180	0	300	282.872	0	0	
181	1	4	1	112	1	5390	5108.99	180	0	300	281.012	0	0	
182	1	4	1	112	1	5390	5155.5	180	0	240	234.501	0	0	
183	1	4	2	212	1	5390	5178.03	180	0	240	211.969	0	0	
44	1	4	1	105	1	2870	2828.49	180	0	60	41.5095	0	0	
45	1	4	1	105	1	2870	2830.14	180	0	60	39.8608	0	0	
92	1	4	1	108	1	3950	3610.19	180	0	360	339.805	0	0	
93	1	4	1	108	1	3950	3645.67	180	0	300	304.33	0	0	
66	1	4	1	106	1	3230	3177.82	180	0	60	52.1847	0	0	
67	1	4	1	106	1	3230	3180.72	180	0	60	49.2759	0	0	
3	1	4	1	103	1	2150	1931.06	180	0	240	218.937	0	0	
87	1	4	1	107	1	3590	3557.63	180	0	60	32.3735	0	0	
88	1	4	1	107	1	3590	3566.99	180	0	0	23.0089	0	0	
68	1	4	1	107	1	3590	3233.23	180	0	360	356.774	0	0	
69	1	4	1	107	1	3590	3235.35	180	0	360	354.654	0	0	
22	1	4	1	104	1	2510	2400.93	180	0	120	109.066	0	0	
48	1	4	1	106	1	3230	2891.85	180	0	360	338.147	0	0	
49	1	4	1	106	1	3230	2901.07	180	0	300	328.93	0	0	
35	1	4	1	105	1	2870	2588.91	180	0	300	281.088	0	0	
20	1	4	1	104	1	2510	2364.43	180	0	120	145.574	0	0	
21	1	4	1	104	1	2510	2389.76	180	0	120	120.243	0	0	
57	1	4	1	106	1	3230	3094.32	180	0	120	135.685	0	0	
58	1	4	1	106	1	3230	3094.98	180	0	120	135.017	0	0	
18	1	4	1	104	1	2510	2318.59	180	0	180	191.407	0	0	
19	1	4	1	104	1	2510	2336.08	180	0	180	173.924	0	0	
13	1	4	1	104	1	2510	2166.02	180	0	360	343.977	0	0	
14	1	4	1	104	1	2510	2176.14	180	0	360	333.861	0	0	
84	1	4	1	107	1	3590	3527.02	180	0	60	62.9808	0	0	
85	1	4	1	107	1	3590	3529.86	180	0	60	60.1392	0	0	
86	1	4	1	107	1	3590	3533.8	180	0	60	56.1968	0	0	
192	1	4	2	212	1	5390	5297.48	180	0	120	92.5212	0	0	
193	1	4	1	112	1	5390	5369.03	180	0	0	20.9713	0	0	
194	1	4	1	112	1	5390	5381.54	180	0	0	8.46077	0	0	
40	1	4	1	105	1	2870	2705.12	180	0	180	164.881	0	0	
41	1	4	1	105	1	2870	2709.82	180	0	180	160.175	0	0	
99	1	4	1	108	1	3950	3751.63	180	0	180	198.369	0	0	
100	1	4	1	108	1	3950	3808.14	180	0	120	141.859	0	0	
101	1	4	1	108	1	3950	3819.51	180	0	120	130.494	0	0	
63	1	4	1	106	1	3230	3165.48	180	0	60	64.5158	0	0	
95	1	4	1	108	1	3950	3691.98	180	0	240	258.022	0	0	
64	1	4	1	106	1	3230	3171.86	180	0	60	58.1425	0	0	
65	1	4	1	106	1	3230	3175.8	180	0	60	54.1972	0	0	
11	1	4	1	103	1	2150	2084.11	180	0	60	65.8933	0	0	
12	1	4	1	103	1	2150	2120.86	180	0	0	29.1401	0	0	
116	1	4	1	109	1	4310	4028.97	180	0	300	281.027	0	0	
117	1	4	1	109	1	4310	4029.35	180	0	300	280.651	0	0	
118	1	4	1	109	1	4310	4037.67	180	0	300	272.334	0	0	
146	1	4	1	110	1	4670	4457.86	180	0	240	212.145	0	0	
147	1	4	1	110	1	4670	4474.22	180	0	180	195.78	0	0	
148	1	4	1	110	1	4670	4528.82	180	0	120	141.183	0	0	
149	1	4	1	110	1	4670	4530.5	180	0	120	139.502	0	0	
105	1	4	1	108	1	3950	3870.04	180	0	60	79.9634	0	0	
106	1	4	1	108	1	3950	3871.09	180	0	60	78.9129	0	0	
107	1	4	1	108	1	3950	3884.39	180	0	60	65.6055	0	0	
157	1	4	1	110	1	4670	4659.79	180	0	0	10.2126	0	0	
158	1	4	1	111	1	5030	4690.2	180	0	360	339.801	0	0	
159	1	4	1	111	1	5030	4713.34	180	0	300	316.661	0	0	
15	1	4	1	104	1	2510	2245.97	180	0	240	264.034	0	0	
130	1	4	1	109	1	4310	4208.76	180	0	120	101.243	0	0	
131	1	4	1	109	1	4310	4213.08	180	0	120	96.9231	0	0	
132	1	4	1	109	1	4310	4221.95	180	0	60	88.05	0	0	
9	1	4	1	103	1	2150	2061.54	180	0	60	88.462	0	0	
10	1	4	1	103	1	2150	2071.36	180	0	60	78.643	0	0	
61	1	4	1	106	1	3230	3149.35	180	0	60	80.6537	0	0	
62	1	4	1	106	1	3230	3153.29	180	0	60	76.7119	0	0	
82	1	4	1	107	1	3590	3475.15	180	0	120	114.851	0	0	
83	1	4	1	107	1	3590	3514.48	180	0	60	75.5184	0	0	
27	1	4	1	104	1	2510	2445.75	180	0	60	64.2504	0	0	
28	1	4	1	104	1	2510	2448.33	180	0	60	61.6694	0	0	
59	1	4	1	106	1	3230	3116.56	180	0	120	113.44	0	0	
60	1	4	1	106	1	3230	3124.26	180	0	120	105.74	0	0	
36	1	4	1	105	1	2870	2615.28	180	0	240	254.718	0	0	
37	1	4	1	105	1	2870	2632.24	180	0	240	237.759	0	0	
184	1	4	2	212	1	5390	5195.13	180	0	180	194.875	0	0	
185	1	4	1	112	1	5390	5211.24	180	0	180	178.758	0	0	
186	1	4	1	112	1	5390	5240.04	180	0	120	149.961	0	0	
187	1	4	1	112	1	5390	5249.09	180	0	120	140.909	0	0	
52	1	4	1	106	1	3230	2983.37	180	0	240	246.627	0	0	
53	1	4	1	106	1	3230	3002.67	180	0	240	227.333	0	0	
54	1	4	1	106	1	3230	3017.85	180	0	240	212.154	0	0	
128	1	4	1	109	1	4310	4188.04	180	0	120	121.958	0	0	
129	1	4	1	109	1	4310	4208.69	180	0	120	101.305	0	0	
70	1	4	1	107	1	3590	3240.12	180	0	360	349.885	0	0	
71	1	4	1	107	1	3590	3282.8	180	0	300	307.201	0	0	
29	1	4	1	104	1	2510	2449.7	180	0	60	60.2974	0	0	
30	1	4	1	104	1	2510	2465.85	180	0	60	44.1461	0	0	
31	1	4	1	104	1	2510	2473.08	180	0	60	36.9238	0	0	
32	1	4	1	105	1	2870	2551.31	180	0	300	318.693	0	0	
94	1	4	1	108	1	3950	3676.35	180	0	300	273.651	0	0	
142	1	4	1	110	1	4670	4374.77	180	0	300	295.234	0	0	
96	1	4	1	108	1	3950	3706.22	180	0	240	243.781	0	0	
137	1	4	1	109	1	4310	4247.36	180	0	60	62.6353	0	0	
138	1	4	1	109	1	4310	4256.55	180	0	60	53.4488	0	0	
139	1	4	1	110	1	4670	4316.78	180	0	360	353.216	0	0	
75	1	4	1	107	1	3590	3317.89	180	0	300	272.114	0	0	
76	1	4	1	107	1	3590	3324.42	180	0	240	265.582	0	0	
188	1	4	1	112	1	5390	5260.86	180	0	120	129.143	0	0	
189	1	4	1	112	1	5390	5261.33	180	0	120	128.673	0	0	
190	1	4	1	112	1	5390	5269.01	180	0	120	120.988	0	0	
191	1	4	1	112	1	5390	5269.58	180	0	120	120.418	0	0	
23	1	4	1	104	1	2510	2402.06	180	0	120	107.941	0	0	
24	1	4	1	104	1	2510	2435.26	180	0	60	74.7351	0	0	
97	1	4	1	108	1	3950	3721.46	180	0	240	228.538	0	0	
98	1	4	1	108	1	3950	3751.41	180	0	180	198.585	0	0	
140	1	4	1	110	1	4670	4319.23	180	0	360	350.773	0	0	
141	1	4	1	110	1	4670	4354.44	180	0	300	315.561	0	0	
77	1	4	1	107	1	3590	3335.72	180	0	240	254.278	0	0	
78	1	4	1	107	1	3590	3359.9	180	0	240	230.101	0	0	
79	1	4	1	107	1	3590	3371.77	180	0	240	218.231	0	0	
122	1	4	1	109	1	4310	4115.61	180	0	180	194.385	0	0	
123	1	4	1	109	1	4310	4127.86	180	0	180	182.142	0	0	
124	1	4	1	109	1	4310	4128.63	180	0	180	181.37	0	0	
