1	1	4	1	1831.38	1831.38	1	1	-1.05281	1	
2	1	4	1	1837.75	1837.75	1	1	-1.11165	1	
3	1	4	1	1844.81	1844.81	1	1	-0.881406	1	
4	1	4	1	1854.36	1854.36	1	1	-0.862111	1	
5	1	4	1	1901.24	1901.24	1	1	-0.978045	1	
6	1	4	1	1901.73	1901.73	1	1	-1.38445	1	
7	1	4	1	1909.89	1909.89	1	1	-0.772527	1	
8	1	4	1	1916.84	1916.84	1	1	-1.21458	1	
9	1	4	1	1926.98	1926.98	1	1	-0.660985	1	
0	1	4	1	1802.02	1802.02	1	1	-0.947274	1	
10	1	4	1	1936.11	1936.11	1	1	-0.741386	1	
11	1	4	1	1947.7	1947.7	1	1	-0.800364	1	
12	1	4	1	1976.16	1976.16	1	1	-0.535463	1	
13	1	4	1	1993.4	1993.4	1	1	-1.34984	1	
14	1	4	1	2030.24	2030.24	1	1	-0.759013	1	
15	1	4	1	2048.62	2048.62	1	1	-0.922477	1	
16	1	4	1	2057.67	2057.67	1	1	-0.860151	1	
17	1	4	1	2058.46	2058.46	1	1	-0.751605	1	
25	1	4	1	2244.81	2244.81	1	1	-0.474801	1	
18	1	4	1	2115.77	2115.77	1	1	-0.416616	1	
20	1	4	1	2169.12	2169.12	1	1	-0.773967	1	
24	1	4	1	2237.18	2237.18	1	1	-0.636016	1	
21	1	4	1	2173.03	2173.03	1	1	-0.795934	1	
19	1	4	1	2149.18	2149.18	1	1	-1.19938	1	
23	1	4	1	2228.21	2228.21	1	1	-1.17212	1	
22	1	4	1	2203.13	2203.13	1	1	-0.917574	1	
31	1	4	1	2393.95	2393.95	1	1	-0.601978	1	
36	1	4	1	2488.35	2488.35	1	1	-0.563344	1	
38	1	4	1	2516.25	2516.25	1	1	-1.10361	1	
30	1	4	1	2325.68	2325.68	1	1	-0.85809	1	
33	1	4	1	2415.91	2415.91	1	1	-0.808639	1	
40	1	4	1	2553.78	2553.78	1	1	-0.96737	1	
42	1	4	1	2578.14	2578.14	1	1	-1.50114	1	
43	1	4	1	2603.91	2603.91	1	1	-0.512831	1	
32	1	4	1	2398.07	2398.07	1	1	-0.73271	1	
44	1	4	1	2650.25	2650.25	1	1	-0.811163	1	
27	1	4	1	2265.08	2265.08	1	1	-0.503287	1	
37	1	4	1	2512.38	2512.38	1	1	-0.837295	1	
41	1	4	1	2562.64	2562.64	1	1	-0.73966	1	
29	1	4	1	2285.54	2285.54	1	1	-0.725445	1	
28	1	4	1	2273.66	2273.66	1	1	-0.676312	1	
26	1	4	1	2260.39	2260.39	1	1	-0.482487	1	
34	1	4	1	2423.09	2423.09	1	1	-0.79499	1	
35	1	4	1	2485.82	2485.82	1	1	-0.227145	1	
39	1	4	1	2537.84	2537.84	1	1	-1.04237	1	
54	1	4	1	2976.52	2976.52	1	1	-1.08314	1	
60	1	4	1	3058.75	3058.75	1	1	-0.776074	1	
61	1	4	1	3077.65	3077.65	1	1	-0.398518	1	
62	1	4	1	3080.9	3080.9	1	1	-0.424461	1	
63	1	4	1	3086.34	3086.34	1	1	-0.757604	1	
45	1	4	1	2676.5	2676.5	1	1	-1.17659	1	
50	1	4	1	2876.39	2876.39	1	1	-0.457473	1	
51	1	4	1	2935.33	2935.33	1	1	-0.79665	1	
46	1	4	1	2706.79	2706.79	1	1	-0.60019	1	
56	1	4	1	3000.09	3000.09	1	1	-0.912793	1	
48	1	4	1	2759.28	2759.28	1	1	-0.738444	1	
57	1	4	1	3014.88	3014.88	1	1	-0.655614	1	
53	1	4	1	2962.38	2962.38	1	1	-0.955137	1	
58	1	4	1	3046.61	3046.61	1	1	-1.21805	1	
49	1	4	1	2835.87	2835.87	1	1	-0.508371	1	
47	1	4	1	2727.44	2727.44	1	1	-0.773073	1	
52	1	4	1	2958.66	2958.66	1	1	-1.22975	1	
55	1	4	1	2979.83	2979.83	1	1	-0.596282	1	
59	1	4	1	3047.87	3047.87	1	1	-0.915348	1	
75	1	4	1	3409.84	3409.84	1	1	-0.617353	1	
79	1	4	1	3468.28	3468.28	1	1	-0.218389	1	
80	1	4	1	3472.04	3472.04	1	1	-0.450217	1	
81	1	4	1	3515.62	3515.62	1	1	-0.498435	1	
82	1	4	1	3531.02	3531.02	1	1	-0.38489	1	
71	1	4	1	3290.27	3290.27	1	1	-0.776247	1	
68	1	4	1	3214.03	3214.03	1	1	-0.746357	1	
72	1	4	1	3292.35	3292.35	1	1	-0.833857	1	
69	1	4	1	3233.9	3233.9	1	1	-0.612173	1	
66	1	4	1	3178.07	3178.07	1	1	-0.192799	1	
77	1	4	1	3440.13	3440.13	1	1	-0.704884	1	
78	1	4	1	3456.75	3456.75	1	1	-0.637472	1	
74	1	4	1	3378.25	3378.25	1	1	-0.398052	1	
64	1	4	1	3090.87	3090.87	1	1	-0.440934	1	
65	1	4	1	3150.77	3150.77	1	1	-0.831718	1	
73	1	4	1	3358.29	3358.29	1	1	-0.480053	1	
70	1	4	1	3267.74	3267.74	1	1	-0.904201	1	
67	1	4	1	3180.45	3180.45	1	1	-0.538588	1	
76	1	4	1	3423.79	3423.79	1	1	-0.668075	1	
96	1	4	1	3831.3	3831.3	1	1	-0.71544	1	
99	1	4	1	3913.07	3913.07	1	1	-0.75512	1	
100	1	4	1	3919.61	3919.61	1	1	-0.346829	1	
83	1	4	1	3589.83	3589.83	1	1	-0.672398	1	
101	1	4	1	3919.72	3919.72	1	1	-0.757294	1	
86	1	4	1	3641.34	3641.34	1	1	-1.04715	1	
85	1	4	1	3638.3	3638.3	1	1	-0.637721	1	
87	1	4	1	3666.14	3666.14	1	1	-1.13044	1	
88	1	4	1	3671.48	3671.48	1	1	-0.962607	1	
89	1	4	1	3699.32	3699.32	1	1	-0.726728	1	
90	1	4	1	3733.17	3733.17	1	1	-0.820331	1	
92	1	4	1	3763	3763	1	1	-0.918846	1	
93	1	4	1	3774.22	3774.22	1	1	-0.776588	1	
95	1	4	1	3787.84	3787.84	1	1	-0.282915	1	
98	1	4	1	3911.23	3911.23	1	1	-0.610537	1	
94	1	4	1	3780.06	3780.06	1	1	-0.913549	1	
91	1	4	1	3757.35	3757.35	1	1	-0.387972	1	
84	1	4	1	3611.57	3611.57	1	1	-0.762876	1	
97	1	4	1	3848.43	3848.43	1	1	-0.690484	1	
115	1	4	1	4150.52	4150.52	1	1	-0.18267	1	
117	1	4	1	4196.59	4196.59	1	1	-0.709794	1	
118	1	4	1	4197.63	4197.63	1	1	-0.373801	1	
104	1	4	1	3968.54	3968.54	1	1	-0.812321	1	
120	1	4	1	4214.03	4214.03	1	1	-0.596136	1	
107	1	4	1	3981.75	3981.75	1	1	-0.867352	1	
106	1	4	1	3976.16	3976.16	1	1	-0.985194	1	
108	1	4	1	3983.11	3983.11	1	1	-0.646182	1	
109	1	4	1	4017.47	4017.47	1	1	-0.588886	1	
114	1	4	1	4137.07	4137.07	1	1	-0.815505	1	
111	1	4	1	4090.47	4090.47	1	1	-0.696832	1	
113	1	4	1	4132.06	4132.06	1	1	-1.16476	1	
119	1	4	1	4208.87	4208.87	1	1	-0.242294	1	
116	1	4	1	4163.46	4163.46	1	1	-0.855102	1	
112	1	4	1	4106.77	4106.77	1	1	-0.896648	1	
102	1	4	1	3952.56	3952.56	1	1	-0.747388	1	
103	1	4	1	3958.83	3958.83	1	1	-0.672315	1	
105	1	4	1	3968.64	3968.64	1	1	-0.621166	1	
110	1	4	1	4018.56	4018.56	1	1	-0.606034	1	
123	1	4	1	4280.44	4280.44	1	1	-1.08755	1	
134	1	4	1	4575.18	4575.18	1	1	-0.277941	1	
136	1	4	1	4589.07	4589.07	1	1	-1.06278	1	
126	1	4	1	4357.98	4357.98	1	1	-0.545249	1	
124	1	4	1	4299.48	4299.48	1	1	-0.966444	1	
125	1	4	1	4325.61	4325.61	1	1	-1.43258	1	
137	1	4	1	4593.03	4593.03	1	1	-1.17396	1	
131	1	4	1	4404.69	4404.69	1	1	-0.808539	1	
135	1	4	1	4576.8	4576.8	1	1	-0.432853	1	
132	1	4	1	4406.35	4406.35	1	1	-0.91248	1	
129	1	4	1	4389.52	4389.52	1	1	-0.893371	1	
138	1	4	1	4601.04	4601.04	1	1	-0.806013	1	
139	1	4	1	4628.03	4628.03	1	1	-0.72142	1	
130	1	4	1	4396.77	4396.77	1	1	-0.607952	1	
122	1	4	1	4271.59	4271.59	1	1	-0.674538	1	
127	1	4	1	4375.77	4375.77	1	1	-0.710311	1	
128	1	4	1	4381.35	4381.35	1	1	-0.792622	1	
133	1	4	1	4553.89	4553.89	1	1	-0.895717	1	
121	1	4	1	4218.13	4218.13	1	1	-0.193816	1	
149	1	4	1	4819.58	4819.58	1	1	-0.29686	1	
154	1	4	1	4878.67	4878.67	1	1	-0.38917	1	
155	1	4	1	4888.27	4888.27	1	1	-0.570947	1	
146	1	4	1	4733.66	4733.66	1	1	-0.865897	1	
141	1	4	1	4659.71	4659.71	1	1	-0.746261	1	
157	1	4	1	4916.12	4916.12	1	1	-0.809657	1	
148	1	4	1	4743.97	4743.97	1	1	-0.732171	1	
152	1	4	1	4864.56	4864.56	1	1	-0.619467	1	
158	1	4	1	4916.93	4916.93	1	1	-0.851858	1	
153	1	4	1	4867.95	4867.95	1	1	-0.564529	1	
150	1	4	1	4828.75	4828.75	1	1	-0.644549	1	
156	1	4	1	4907.37	4907.37	1	1	-0.689002	1	
140	1	4	1	4632.42	4632.42	1	1	-0.785917	1	
151	1	4	1	4859.11	4859.11	1	1	-0.369991	1	
143	1	4	1	4700.41	4700.41	1	1	-1.04884	1	
144	1	4	1	4703.09	4703.09	1	1	-0.497824	1	
145	1	4	1	4709.33	4709.33	1	1	-1.05751	1	
147	1	4	1	4742.85	4742.85	1	1	-1.00745	1	
142	1	4	1	4678.53	4678.53	1	1	-0.772109	1	
165	1	4	1	4994.97	4994.97	1	1	-0.861859	1	
175	1	4	1	5210.96	5210.96	1	1	-0.737762	1	
176	1	4	1	5303.2	5303.2	1	1	-0.86273	1	
168	1	4	1	5058.51	5058.51	1	1	-0.942648	1	
162	1	4	1	4965.92	4965.92	1	1	-0.533738	1	
166	1	4	1	5046.6	5046.6	1	1	-0.294272	1	
159	1	4	1	4924.98	4924.98	1	1	-0.566609	1	
167	1	4	1	5053.07	5053.07	1	1	-0.549374	1	
173	1	4	1	5195.64	5195.64	1	1	-0.263824	1	
174	1	4	1	5210.38	5210.38	1	1	-0.528064	1	
171	1	4	1	5142.44	5142.44	1	1	-0.663959	1	
177	1	4	1	5329.61	5329.61	1	1	-0.262128	1	
161	1	4	1	4953.37	4953.37	1	1	-0.849623	1	
164	1	4	1	4978.26	4978.26	1	1	-0.641386	1	
160	1	4	1	4933.9	4933.9	1	1	-0.81625	1	
169	1	4	1	5096.87	5096.87	1	1	-0.714112	1	
170	1	4	1	5138.5	5138.5	1	1	-0.179126	1	
172	1	4	1	5178.22	5178.22	1	1	-0.358299	1	
163	1	4	1	4976.96	4976.96	1	1	-0.15477	1	
179	1	4	1	5357.9	5357.9	1	1	-0.562511	1	
180	1	4	1	5359.53	5359.53	1	1	-0.31699	1	
182	1	4	1	5382.26	5382.26	1	1	-0.49913	1	
178	1	4	1	5332.2	5332.2	1	1	-0.608942	1	
181	1	4	1	5379.98	5379.98	1	1	-0.630341	1	
3	1	4	1	1907.13	1907.13	1	1	-1.01045	1	
4	1	4	1	1940.83	1940.83	1	1	-0.920492	1	
5	1	4	1	1956.5	1956.5	1	1	-0.656704	1	
6	1	4	1	1976.97	1976.97	1	1	-0.817779	1	
7	1	4	1	1982.35	1982.35	1	1	-0.706377	1	
8	1	4	1	1987.19	1987.19	1	1	-0.96056	1	
9	1	4	1	2060.45	2060.45	1	1	-0.56893	1	
10	1	4	1	2082.95	2082.95	1	1	-0.942346	1	
11	1	4	1	2083.5	2083.5	1	1	-0.741884	1	
0	1	4	1	1807.18	1807.18	1	1	-1.14172	1	
1	1	4	1	1835.71	1835.71	1	1	-1.12635	1	
2	1	4	1	1882.38	1882.38	1	1	-0.767087	1	
12	1	4	1	2129.26	2129.26	1	1	-0.685701	1	
13	1	4	1	2192.68	2192.68	1	1	-0.88208	1	
14	1	4	1	2224.1	2224.1	1	1	-0.979393	1	
15	1	4	1	2272.47	2272.47	1	1	-0.478108	1	
16	1	4	1	2299.72	2299.72	1	1	-0.896964	1	
19	1	4	1	2350.45	2350.45	1	1	-0.57875	1	
25	1	4	1	2502.69	2502.69	1	1	-0.64862	1	
23	1	4	1	2428.2	2428.2	1	1	-0.49241	1	
18	1	4	1	2315.32	2315.32	1	1	-0.673888	1	
21	1	4	1	2391.83	2391.83	1	1	-0.758828	1	
17	1	4	1	2300.33	2300.33	1	1	-0.443698	1	
20	1	4	1	2351.98	2351.98	1	1	-0.509968	1	
24	1	4	1	2452.51	2452.51	1	1	-0.661726	1	
22	1	4	1	2409.65	2409.65	1	1	-0.586146	1	
33	1	4	1	2641.36	2641.36	1	1	-0.63457	1	
40	1	4	1	2724.1	2724.1	1	1	-0.704323	1	
35	1	4	1	2647.53	2647.53	1	1	-1.02193	1	
34	1	4	1	2643.53	2643.53	1	1	-0.761007	1	
28	1	4	1	2507.56	2507.56	1	1	-0.628944	1	
39	1	4	1	2690.39	2690.39	1	1	-0.794814	1	
42	1	4	1	2755.38	2755.38	1	1	-0.783777	1	
37	1	4	1	2680.14	2680.14	1	1	-0.485228	1	
43	1	4	1	2767.58	2767.58	1	1	-0.634332	1	
27	1	4	1	2506.59	2506.59	1	1	-0.594849	1	
31	1	4	1	2575.94	2575.94	1	1	-0.748431	1	
32	1	4	1	2636.4	2636.4	1	1	-0.774921	1	
38	1	4	1	2686.46	2686.46	1	1	-0.892067	1	
44	1	4	1	2798.27	2798.27	1	1	-0.529386	1	
41	1	4	1	2743.34	2743.34	1	1	-0.72923	1	
26	1	4	1	2503.86	2503.86	1	1	-0.419655	1	
29	1	4	1	2570.89	2570.89	1	1	-0.744308	1	
30	1	4	1	2575.24	2575.24	1	1	-0.641555	1	
36	1	4	1	2661.57	2661.57	1	1	-0.677391	1	
55	1	4	1	2918.79	2918.79	1	1	-0.774808	1	
53	1	4	1	2896.63	2896.63	1	1	-0.938502	1	
46	1	4	1	2811.82	2811.82	1	1	-0.699544	1	
61	1	4	1	2948.28	2948.28	1	1	-0.739632	1	
49	1	4	1	2870.4	2870.4	1	1	-1.01284	1	
58	1	4	1	2931.4	2931.4	1	1	-0.922395	1	
60	1	4	1	2946.89	2946.89	1	1	-1.07918	1	
54	1	4	1	2897.5	2897.5	1	1	-0.603925	1	
45	1	4	1	2802.09	2802.09	1	1	-0.940849	1	
48	1	4	1	2866.98	2866.98	1	1	-0.554125	1	
51	1	4	1	2887.07	2887.07	1	1	-0.846762	1	
57	1	4	1	2921.21	2921.21	1	1	-0.557716	1	
56	1	4	1	2921.2	2921.2	1	1	-0.86189	1	
50	1	4	1	2878.16	2878.16	1	1	-0.734393	1	
62	1	4	1	2952.48	2952.48	1	1	-0.934329	1	
47	1	4	1	2834.86	2834.86	1	1	-0.656294	1	
59	1	4	1	2942.55	2942.55	1	1	-0.661637	1	
63	1	4	1	2967.65	2967.65	1	1	-0.957658	1	
52	1	4	1	2892.88	2892.88	1	1	-1.01566	1	
73	1	4	1	3242.27	3242.27	1	1	-0.893409	1	
65	1	4	1	3063.61	3063.61	1	1	-0.70793	1	
64	1	4	1	3045.01	3045.01	1	1	-0.637879	1	
76	1	4	1	3337.4	3337.4	1	1	-0.725278	1	
74	1	4	1	3297.8	3297.8	1	1	-0.906069	1	
80	1	4	1	3434.71	3434.71	1	1	-0.690708	1	
79	1	4	1	3425.84	3425.84	1	1	-0.561852	1	
66	1	4	1	3129.88	3129.88	1	1	-0.646035	1	
72	1	4	1	3233.33	3233.33	1	1	-0.675866	1	
82	1	4	1	3468.51	3468.51	1	1	-0.428048	1	
70	1	4	1	3179.5	3179.5	1	1	-0.69877	1	
75	1	4	1	3313.77	3313.77	1	1	-0.412048	1	
78	1	4	1	3384.17	3384.17	1	1	-0.265628	1	
71	1	4	1	3212.99	3212.99	1	1	-0.598118	1	
77	1	4	1	3347.75	3347.75	1	1	-0.533929	1	
67	1	4	1	3136.73	3136.73	1	1	-0.99729	1	
81	1	4	1	3463.79	3463.79	1	1	-0.480715	1	
69	1	4	1	3166.12	3166.12	1	1	-0.620416	1	
68	1	4	1	3144.76	3144.76	1	1	-0.604473	1	
94	1	4	1	3571.66	3571.66	1	1	-0.589948	1	
97	1	4	1	3626.1	3626.1	1	1	-0.729963	1	
88	1	4	1	3502.63	3502.63	1	1	-0.52747	1	
83	1	4	1	3468.69	3468.69	1	1	-0.590907	1	
95	1	4	1	3579.86	3579.86	1	1	-0.404746	1	
86	1	4	1	3496.15	3496.15	1	1	-0.310434	1	
101	1	4	1	3701.37	3701.37	1	1	-1.06958	1	
84	1	4	1	3477.93	3477.93	1	1	-0.535384	1	
87	1	4	1	3497.12	3497.12	1	1	-0.693533	1	
85	1	4	1	3490.27	3490.27	1	1	-0.573034	1	
91	1	4	1	3531.61	3531.61	1	1	-0.27232	1	
93	1	4	1	3551.04	3551.04	1	1	-0.767204	1	
96	1	4	1	3610.25	3610.25	1	1	-1.13234	1	
92	1	4	1	3546.02	3546.02	1	1	-0.428808	1	
99	1	4	1	3651.27	3651.27	1	1	-0.790595	1	
98	1	4	1	3627.54	3627.54	1	1	-1.37101	1	
100	1	4	1	3698.78	3698.78	1	1	-0.869139	1	
90	1	4	1	3523.32	3523.32	1	1	-0.623266	1	
89	1	4	1	3512.79	3512.79	1	1	-0.800146	1	
118	1	4	1	4123.35	4123.35	1	1	-0.66971	1	
116	1	4	1	4042.56	4042.56	1	1	-0.855858	1	
109	1	4	1	3855.33	3855.33	1	1	-0.350383	1	
104	1	4	1	3775.05	3775.05	1	1	-1.05659	1	
112	1	4	1	3925.85	3925.85	1	1	-0.331601	1	
107	1	4	1	3798.43	3798.43	1	1	-0.940937	1	
102	1	4	1	3748.45	3748.45	1	1	-0.821644	1	
103	1	4	1	3774.94	3774.94	1	1	-0.85223	1	
105	1	4	1	3782.47	3782.47	1	1	-0.769996	1	
106	1	4	1	3788.02	3788.02	1	1	-0.873493	1	
108	1	4	1	3821.82	3821.82	1	1	-0.504659	1	
111	1	4	1	3917.58	3917.58	1	1	-0.795098	1	
113	1	4	1	3968.4	3968.4	1	1	-0.826912	1	
114	1	4	1	4004.88	4004.88	1	1	-0.796472	1	
117	1	4	1	4098.66	4098.66	1	1	-0.842698	1	
119	1	4	1	4135.55	4135.55	1	1	-0.578271	1	
110	1	4	1	3872.52	3872.52	1	1	-0.681826	1	
120	1	4	1	4135.63	4135.63	1	1	-0.584834	1	
115	1	4	1	4042.15	4042.15	1	1	-0.429481	1	
131	1	4	1	4330.95	4330.95	1	1	-1.14666	1	
128	1	4	1	4302.47	4302.47	1	1	-0.255082	1	
124	1	4	1	4208.44	4208.44	1	1	-0.446756	1	
127	1	4	1	4287.4	4287.4	1	1	-0.61879	1	
132	1	4	1	4376.29	4376.29	1	1	-0.110731	1	
134	1	4	1	4382.39	4382.39	1	1	-0.932573	1	
126	1	4	1	4249.45	4249.45	1	1	-0.624852	1	
129	1	4	1	4329.16	4329.16	1	1	-1.03312	1	
136	1	4	1	4398.5	4398.5	1	1	-0.497441	1	
121	1	4	1	4160.03	4160.03	1	1	-0.307514	1	
138	1	4	1	4434.55	4434.55	1	1	-0.909012	1	
137	1	4	1	4419.9	4419.9	1	1	-1.17596	1	
139	1	4	1	4448.01	4448.01	1	1	-0.935291	1	
123	1	4	1	4196.17	4196.17	1	1	-0.60575	1	
122	1	4	1	4160.93	4160.93	1	1	-0.714394	1	
130	1	4	1	4330.33	4330.33	1	1	-0.458177	1	
133	1	4	1	4376.51	4376.51	1	1	-0.676768	1	
135	1	4	1	4385.42	4385.42	1	1	-0.939005	1	
125	1	4	1	4226.28	4226.28	1	1	-0.517035	1	
154	1	4	1	4777.66	4777.66	1	1	-0.651603	1	
155	1	4	1	4782.09	4782.09	1	1	-0.769853	1	
156	1	4	1	4793.26	4793.26	1	1	-0.890102	1	
146	1	4	1	4636.06	4636.06	1	1	-0.960364	1	
140	1	4	1	4465.72	4465.72	1	1	-1.01093	1	
157	1	4	1	4805.26	4805.26	1	1	-0.712676	1	
158	1	4	1	4810.74	4810.74	1	1	-0.54658	1	
145	1	4	1	4565.99	4565.99	1	1	-0.805468	1	
147	1	4	1	4659.59	4659.59	1	1	-0.726429	1	
142	1	4	1	4506.24	4506.24	1	1	-0.764043	1	
148	1	4	1	4680.8	4680.8	1	1	-1.12444	1	
141	1	4	1	4479.09	4479.09	1	1	-0.898357	1	
144	1	4	1	4530.22	4530.22	1	1	-1.06696	1	
149	1	4	1	4687.58	4687.58	1	1	-0.621927	1	
143	1	4	1	4525.31	4525.31	1	1	-1.11102	1	
150	1	4	1	4717.25	4717.25	1	1	-0.93708	1	
151	1	4	1	4723.76	4723.76	1	1	-0.922124	1	
153	1	4	1	4756.37	4756.37	1	1	-0.969766	1	
152	1	4	1	4738.3	4738.3	1	1	-0.740071	1	
173	1	4	1	5068.11	5068.11	1	1	-0.764383	1	
174	1	4	1	5103.28	5103.28	1	1	-0.866117	1	
166	1	4	1	4897.97	4897.97	1	1	-0.787252	1	
169	1	4	1	4997.14	4997.14	1	1	-0.493137	1	
161	1	4	1	4823.58	4823.58	1	1	-0.375432	1	
164	1	4	1	4869.58	4869.58	1	1	-0.912888	1	
168	1	4	1	4993.2	4993.2	1	1	-0.595137	1	
171	1	4	1	5012.17	5012.17	1	1	-0.658047	1	
159	1	4	1	4811.96	4811.96	1	1	-1.00366	1	
163	1	4	1	4863.51	4863.51	1	1	-0.760715	1	
170	1	4	1	5010	5010	1	1	-0.710181	1	
162	1	4	1	4847.7	4847.7	1	1	-0.771897	1	
175	1	4	1	5103.55	5103.55	1	1	-0.369946	1	
165	1	4	1	4880.5	4880.5	1	1	-0.681751	1	
176	1	4	1	5104.84	5104.84	1	1	-0.790104	1	
172	1	4	1	5034.9	5034.9	1	1	-1.15469	1	
160	1	4	1	4819.09	4819.09	1	1	-0.841848	1	
177	1	4	1	5115.98	5115.98	1	1	-0.619679	1	
167	1	4	1	4928.11	4928.11	1	1	-0.379594	1	
191	1	4	1	5310.18	5310.18	1	1	-0.307932	1	
188	1	4	1	5265.6	5265.6	1	1	-0.690629	1	
193	1	4	1	5366.68	5366.68	1	1	-0.58304	1	
182	1	4	1	5184.63	5184.63	1	1	-0.617487	1	
187	1	4	1	5246.32	5246.32	1	1	-0.427266	1	
180	1	4	1	5142.53	5142.53	1	1	-0.743479	1	
189	1	4	1	5274.23	5274.23	1	1	-0.353942	1	
190	1	4	1	5295.39	5295.39	1	1	-0.282914	1	
184	1	4	1	5230.24	5230.24	1	1	-0.498611	1	
192	1	4	1	5365.98	5365.98	1	1	-0.71115	1	
195	1	4	1	5396.27	5396.27	1	1	-0.864891	1	
183	1	4	1	5198.89	5198.89	1	1	-0.670595	1	
186	1	4	1	5244.98	5244.98	1	1	-0.346226	1	
185	1	4	1	5235.31	5235.31	1	1	-0.590608	1	
179	1	4	1	5129.63	5129.63	1	1	-0.562756	1	
181	1	4	1	5158.19	5158.19	1	1	-0.749692	1	
194	1	4	1	5389.63	5389.63	1	1	-0.230504	1	
178	1	4	1	5120.24	5120.24	1	1	-0.643687	1	
8	1	4	2	2572.1	1987.19	2	2	-1.04835	1	
10	1	4	2	2572.1	2082.95	2	2	-0.795638	1	
2	1	4	2	2572.1	1882.38	2	2	-1.0748	1	
39	1	4	2	3292.1	2690.39	2	2	-1.12771	1	
43	1	4	2	3292.1	2767.58	2	2	-0.932019	1	
41	1	4	2	3292.1	2743.34	2	2	-1.30548	1	
30	1	4	2	3292.1	2575.24	2	2	-1.17406	1	
53	1	4	2	3652.1	2896.63	2	2	-0.963693	1	
61	1	4	2	3652.1	2948.28	2	2	-0.858167	1	
49	1	4	2	3652.1	2870.4	2	2	-0.737224	1	
58	1	4	2	3652.1	2931.4	2	2	-0.969026	1	
54	1	4	2	3652.1	2897.5	2	2	-0.633704	1	
51	1	4	2	3652.1	2887.07	2	2	-0.859153	1	
63	1	4	2	3652.1	2967.65	2	2	-1.04679	1	
52	1	4	2	3652.1	2892.88	2	2	-0.732221	1	
65	1	4	2	3652.1	3063.61	2	2	-0.967858	1	
64	1	4	2	3652.1	3045.01	2	2	-0.883118	1	
66	1	4	2	3652.1	3129.88	2	2	-0.980767	1	
67	1	4	2	3652.1	3136.73	2	2	-0.909812	1	
69	1	4	2	3652.1	3166.12	2	2	-0.874185	1	
68	1	4	2	3652.1	3144.76	2	2	-0.845505	1	
95	1	4	2	4012.1	3579.86	2	2	-0.512237	1	
101	1	4	2	4372.1	3701.37	2	2	-1.0493	1	
87	1	4	2	4012.1	3497.12	2	2	-0.668463	1	
102	1	4	2	4372.1	3748.45	2	2	-1.27037	1	
134	1	4	2	5092.1	4382.39	2	2	-1.29495	1	
50	1	4	3	4013.1	2878.16	3	3	-0.342038	1	
107	1	4	3	4733.1	3798.43	3	3	-0.343407	1	
7	1	4	1	2116.79	2116.79	1	1	-0.758665	1	
8	1	4	1	2123.18	2123.18	1	1	-0.825607	1	
9	1	4	1	2163.21	2163.21	1	1	-1.0133	1	
10	1	4	1	2172.37	2172.37	1	1	-0.720333	1	
11	1	4	1	2179.84	2179.84	1	1	-1.01017	1	
12	1	4	1	2197.68	2197.68	1	1	-0.903456	1	
13	1	4	1	2215.73	2215.73	1	1	-0.676023	1	
0	1	4	1	1929.61	1929.61	1	1	-1.03908	1	
1	1	4	1	2007.17	2007.17	1	1	-0.656092	1	
2	1	4	1	2025.86	2025.86	1	1	-1.05467	1	
3	1	4	1	2038.25	2038.25	1	1	-0.944666	1	
4	1	4	1	2039.21	2039.21	1	1	-0.991773	1	
5	1	4	1	2047.84	2047.84	1	1	-0.975323	1	
6	1	4	1	2095.19	2095.19	1	1	-0.54931	1	
14	1	4	1	2225.07	2225.07	1	1	-0.83519	1	
15	1	4	1	2226.39	2226.39	1	1	-0.752615	1	
16	1	4	1	2226.59	2226.59	1	1	-0.687329	1	
23	1	4	1	2322.44	2322.44	1	1	-0.612115	1	
17	1	4	1	2234.01	2234.01	1	1	-0.781568	1	
25	1	4	1	2365.66	2365.66	1	1	-0.403979	1	
18	1	4	1	2242.76	2242.76	1	1	-0.5601	1	
20	1	4	1	2249.03	2249.03	1	1	-0.804502	1	
24	1	4	1	2343.13	2343.13	1	1	-0.534231	1	
19	1	4	1	2244.11	2244.11	1	1	-0.575928	1	
21	1	4	1	2286.37	2286.37	1	1	-0.546167	1	
22	1	4	1	2301.63	2301.63	1	1	-0.81595	1	
42	1	4	1	2614.02	2614.02	1	1	-0.307318	1	
31	1	4	1	2431.94	2431.94	1	1	-0.748473	1	
32	1	4	1	2438.62	2438.62	1	1	-0.419572	1	
34	1	4	1	2456.67	2456.67	1	1	-0.725762	1	
37	1	4	1	2500.9	2500.9	1	1	-0.649003	1	
27	1	4	1	2377.58	2377.58	1	1	-0.508743	1	
38	1	4	1	2583.24	2583.24	1	1	-1.1146	1	
26	1	4	1	2376.75	2376.75	1	1	-0.589781	1	
28	1	4	1	2383.57	2383.57	1	1	-0.567424	1	
40	1	4	1	2592.35	2592.35	1	1	-0.631647	1	
43	1	4	1	2634.27	2634.27	1	1	-0.77704	1	
41	1	4	1	2610.26	2610.26	1	1	-0.600177	1	
44	1	4	1	2645.06	2645.06	1	1	-0.668232	1	
30	1	4	1	2418.23	2418.23	1	1	-0.64471	1	
39	1	4	1	2591.28	2591.28	1	1	-0.550534	1	
29	1	4	1	2408.46	2408.46	1	1	-0.802014	1	
35	1	4	1	2478.48	2478.48	1	1	-0.56603	1	
33	1	4	1	2442.34	2442.34	1	1	-0.297908	1	
36	1	4	1	2500.53	2500.53	1	1	-0.559054	1	
63	1	4	1	2946.49	2946.49	1	1	-0.596439	1	
56	1	4	1	2797.13	2797.13	1	1	-0.746462	1	
57	1	4	1	2815.26	2815.26	1	1	-0.718375	1	
52	1	4	1	2749.54	2749.54	1	1	-0.815025	1	
53	1	4	1	2754.53	2754.53	1	1	-0.71131	1	
48	1	4	1	2706.79	2706.79	1	1	-0.711058	1	
59	1	4	1	2849.13	2849.13	1	1	-0.699081	1	
47	1	4	1	2693.19	2693.19	1	1	-0.43967	1	
49	1	4	1	2711.75	2711.75	1	1	-0.787723	1	
55	1	4	1	2789.61	2789.61	1	1	-0.742124	1	
58	1	4	1	2815.94	2815.94	1	1	-0.500447	1	
45	1	4	1	2672.28	2672.28	1	1	-0.846858	1	
61	1	4	1	2921.07	2921.07	1	1	-0.899359	1	
62	1	4	1	2937.59	2937.59	1	1	-0.731348	1	
50	1	4	1	2726.74	2726.74	1	1	-0.535098	1	
60	1	4	1	2901.96	2901.96	1	1	-0.774912	1	
46	1	4	1	2680.13	2680.13	1	1	-1.00594	1	
51	1	4	1	2734.06	2734.06	1	1	-0.967282	1	
54	1	4	1	2765.08	2765.08	1	1	-0.756418	1	
81	1	4	1	3324.08	3324.08	1	1	-0.740903	1	
77	1	4	1	3256.25	3256.25	1	1	-0.780224	1	
78	1	4	1	3271.37	3271.37	1	1	-0.711061	1	
73	1	4	1	3147.24	3147.24	1	1	-0.568473	1	
68	1	4	1	3052.56	3052.56	1	1	-0.607426	1	
74	1	4	1	3161.76	3161.76	1	1	-0.521878	1	
70	1	4	1	3105.4	3105.4	1	1	-0.82092	1	
64	1	4	1	2965.38	2965.38	1	1	-0.793122	1	
69	1	4	1	3100.61	3100.61	1	1	-0.470148	1	
76	1	4	1	3238.72	3238.72	1	1	-0.835083	1	
79	1	4	1	3289.58	3289.58	1	1	-0.930115	1	
80	1	4	1	3298.78	3298.78	1	1	-0.722303	1	
65	1	4	1	2975.68	2975.68	1	1	-0.866817	1	
82	1	4	1	3325.82	3325.82	1	1	-0.620173	1	
66	1	4	1	2990.48	2990.48	1	1	-0.853324	1	
67	1	4	1	3047.04	3047.04	1	1	-0.768926	1	
71	1	4	1	3108.64	3108.64	1	1	-0.615912	1	
72	1	4	1	3121.99	3121.99	1	1	-0.807801	1	
75	1	4	1	3236.49	3236.49	1	1	-1.32591	1	
96	1	4	1	3701.35	3701.35	1	1	-0.633178	1	
101	1	4	1	3903.58	3903.58	1	1	-0.690583	1	
98	1	4	1	3766.82	3766.82	1	1	-0.655538	1	
86	1	4	1	3470.62	3470.62	1	1	-0.148328	1	
84	1	4	1	3392.7	3392.7	1	1	-0.645659	1	
89	1	4	1	3521.9	3521.9	1	1	-0.636524	1	
91	1	4	1	3568.66	3568.66	1	1	-0.358541	1	
90	1	4	1	3558.96	3558.96	1	1	-0.544758	1	
94	1	4	1	3662.78	3662.78	1	1	-0.976078	1	
83	1	4	1	3339.15	3339.15	1	1	-0.952359	1	
95	1	4	1	3690.24	3690.24	1	1	-0.690549	1	
87	1	4	1	3480.5	3480.5	1	1	-0.482266	1	
97	1	4	1	3752	3752	1	1	-1.06073	1	
99	1	4	1	3809.85	3809.85	1	1	-0.49203	1	
92	1	4	1	3633.82	3633.82	1	1	-0.731599	1	
100	1	4	1	3852.73	3852.73	1	1	-0.634435	1	
88	1	4	1	3514.14	3514.14	1	1	-0.383296	1	
93	1	4	1	3647.23	3647.23	1	1	-1.15315	1	
85	1	4	1	3437.23	3437.23	1	1	-0.572532	1	
117	1	4	1	4277.29	4277.29	1	1	-0.528036	1	
102	1	4	1	3913.54	3913.54	1	1	-0.64056	1	
120	1	4	1	4303.74	4303.74	1	1	-0.549462	1	
107	1	4	1	4090.47	4090.47	1	1	-0.833071	1	
103	1	4	1	3965.42	3965.42	1	1	-1.06686	1	
105	1	4	1	4041.6	4041.6	1	1	-0.783216	1	
111	1	4	1	4121	4121	1	1	-0.823125	1	
110	1	4	1	4098.18	4098.18	1	1	-0.590964	1	
112	1	4	1	4121.85	4121.85	1	1	-0.922849	1	
104	1	4	1	4020.76	4020.76	1	1	-0.745063	1	
115	1	4	1	4253.6	4253.6	1	1	-0.733665	1	
108	1	4	1	4091.94	4091.94	1	1	-0.715141	1	
116	1	4	1	4271.4	4271.4	1	1	-0.719953	1	
118	1	4	1	4280.92	4280.92	1	1	-0.361942	1	
119	1	4	1	4298.67	4298.67	1	1	-0.474802	1	
113	1	4	1	4165.91	4165.91	1	1	-0.282757	1	
109	1	4	1	4096.59	4096.59	1	1	-0.415346	1	
114	1	4	1	4187.06	4187.06	1	1	-0.624572	1	
106	1	4	1	4069.19	4069.19	1	1	-0.348019	1	
122	1	4	1	4358.21	4358.21	1	1	-0.941827	1	
124	1	4	1	4424.25	4424.25	1	1	-0.813788	1	
135	1	4	1	4564.68	4564.68	1	1	-0.785044	1	
125	1	4	1	4435.27	4435.27	1	1	-0.592962	1	
138	1	4	1	4618.6	4618.6	1	1	-0.750438	1	
139	1	4	1	4687.81	4687.81	1	1	-0.9727	1	
131	1	4	1	4494.58	4494.58	1	1	-1.25056	1	
121	1	4	1	4328.15	4328.15	1	1	-1.43142	1	
126	1	4	1	4458.31	4458.31	1	1	-0.8628	1	
127	1	4	1	4470.06	4470.06	1	1	-0.727765	1	
123	1	4	1	4400.7	4400.7	1	1	-0.971423	1	
132	1	4	1	4542.15	4542.15	1	1	-0.0554358	1	
133	1	4	1	4543.5	4543.5	1	1	-0.792921	1	
136	1	4	1	4592.15	4592.15	1	1	-0.888355	1	
128	1	4	1	4471.59	4471.59	1	1	-0.88246	1	
137	1	4	1	4616.12	4616.12	1	1	-0.777807	1	
129	1	4	1	4487.09	4487.09	1	1	-0.784146	1	
130	1	4	1	4489.24	4489.24	1	1	-0.617229	1	
134	1	4	1	4551.24	4551.24	1	1	-0.652498	1	
156	1	4	1	4943.11	4943.11	1	1	-0.47927	1	
144	1	4	1	4737.59	4737.59	1	1	-0.542632	1	
157	1	4	1	4944.21	4944.21	1	1	-1.00429	1	
158	1	4	1	4950.55	4950.55	1	1	-0.408156	1	
145	1	4	1	4752.84	4752.84	1	1	-0.677798	1	
147	1	4	1	4767.36	4767.36	1	1	-0.863882	1	
141	1	4	1	4724.49	4724.49	1	1	-1.0005	1	
140	1	4	1	4690.98	4690.98	1	1	-0.732665	1	
142	1	4	1	4727.46	4727.46	1	1	-0.881277	1	
143	1	4	1	4735.09	4735.09	1	1	-1.04024	1	
146	1	4	1	4752.93	4752.93	1	1	-1.03484	1	
149	1	4	1	4801.08	4801.08	1	1	-0.641452	1	
152	1	4	1	4855.73	4855.73	1	1	-0.770164	1	
153	1	4	1	4908.18	4908.18	1	1	-0.801578	1	
150	1	4	1	4811.09	4811.09	1	1	-0.700155	1	
151	1	4	1	4838.99	4838.99	1	1	-0.6289	1	
154	1	4	1	4925.95	4925.95	1	1	-0.647527	1	
155	1	4	1	4926.51	4926.51	1	1	-0.785064	1	
148	1	4	1	4772.12	4772.12	1	1	-0.793868	1	
175	1	4	1	5115.3	5115.3	1	1	-0.733543	1	
167	1	4	1	5050.78	5050.78	1	1	-0.88731	1	
176	1	4	1	5165.22	5165.22	1	1	-0.591013	1	
177	1	4	1	5177.02	5177.02	1	1	-0.817142	1	
173	1	4	1	5103.67	5103.67	1	1	-0.655598	1	
168	1	4	1	5053.16	5053.16	1	1	-0.986028	1	
162	1	4	1	5011.77	5011.77	1	1	-0.604705	1	
161	1	4	1	4993.74	4993.74	1	1	-0.814407	1	
159	1	4	1	4953.45	4953.45	1	1	-0.464823	1	
163	1	4	1	5012.49	5012.49	1	1	-0.563017	1	
165	1	4	1	5041.69	5041.69	1	1	-0.724449	1	
169	1	4	1	5062.8	5062.8	1	1	-0.831477	1	
170	1	4	1	5070.52	5070.52	1	1	-0.51718	1	
160	1	4	1	4966.12	4966.12	1	1	-0.260154	1	
171	1	4	1	5079.76	5079.76	1	1	-0.445892	1	
172	1	4	1	5102.84	5102.84	1	1	-0.579491	1	
174	1	4	1	5104.87	5104.87	1	1	-1.00487	1	
164	1	4	1	5014.28	5014.28	1	1	-0.699546	1	
166	1	4	1	5043.39	5043.39	1	1	-0.741324	1	
178	1	4	1	5178.63	5178.63	1	1	-0.608549	1	
190	1	4	1	5333.83	5333.83	1	1	-0.505527	1	
186	1	4	1	5269.8	5269.8	1	1	-0.742561	1	
187	1	4	1	5299.11	5299.11	1	1	-0.467329	1	
189	1	4	1	5325.65	5325.65	1	1	-0.326531	1	
183	1	4	1	5223.12	5223.12	1	1	-0.348084	1	
182	1	4	1	5207.53	5207.53	1	1	-0.298375	1	
184	1	4	1	5225.94	5225.94	1	1	-0.716306	1	
180	1	4	1	5183.21	5183.21	1	1	-0.761079	1	
185	1	4	1	5240.55	5240.55	1	1	-0.518524	1	
188	1	4	1	5314.63	5314.63	1	1	-0.40504	1	
179	1	4	1	5180.68	5180.68	1	1	-0.552641	1	
181	1	4	1	5192.14	5192.14	1	1	-0.669928	1	
11	1	4	2	2932.1	2179.84	2	2	-0.592797	1	
33	1	4	2	2932.1	2442.34	2	2	-0.893635	1	
36	1	4	2	2932.1	2500.53	2	2	-0.696147	1	
68	1	4	2	3652.1	3052.56	2	2	-0.757184	1	
69	1	4	2	3652.1	3100.61	2	2	-0.700584	1	
67	1	4	2	3652.1	3047.04	2	2	-0.839964	1	
72	1	4	2	3652.1	3121.99	2	2	-0.880806	1	
86	1	4	2	4012.1	3470.62	2	2	-0.643852	1	
7	1	4	3	2933.1	2116.79	3	3	-0.281251	1	
8	1	4	3	2933.1	2123.18	3	3	-0.24966	1	
2	1	4	3	2933.1	2025.86	3	3	-0.23162	1	
3	1	4	3	2933.1	2038.25	3	3	-0.350886	1	
5	1	4	3	2933.1	2047.84	3	3	-0.275401	1	
6	1	4	3	2933.1	2095.19	3	3	-0.259158	1	
14	1	4	3	3293.1	2225.07	3	3	-0.236346	1	
23	1	4	3	3293.1	2322.44	3	3	-0.297666	1	
19	1	4	3	3293.1	2244.11	3	3	-0.208213	1	
34	1	4	3	3293.1	2456.67	3	3	-0.262302	1	
41	1	4	3	3653.1	2610.26	3	3	-0.32832	1	
30	1	4	3	3293.1	2418.23	3	3	-0.318268	1	
35	1	4	3	3293.1	2478.48	3	3	-0.298123	1	
63	1	4	3	4013.1	2946.49	3	3	-0.275262	1	
52	1	4	3	3653.1	2749.54	3	3	-0.344603	1	
48	1	4	3	3653.1	2706.79	3	3	-0.267664	1	
59	1	4	3	3653.1	2849.13	3	3	-0.24588	1	
47	1	4	3	3653.1	2693.19	3	3	-0.278399	1	
55	1	4	3	3653.1	2789.61	3	3	-0.28738	1	
45	1	4	3	3653.1	2672.28	3	3	-0.279441	1	
61	1	4	3	4013.1	2921.07	3	3	-0.243663	1	
50	1	4	3	3653.1	2726.74	3	3	-0.377668	1	
46	1	4	3	3653.1	2680.13	3	3	-0.284376	1	
51	1	4	3	3653.1	2734.06	3	3	-0.24773	1	
74	1	4	3	4013.1	3161.76	3	3	-0.308612	1	
65	1	4	3	4013.1	2975.68	3	3	-0.287414	1	
66	1	4	3	4013.1	2990.48	3	3	-0.248781	1	
71	1	4	3	4013.1	3108.64	3	3	-0.272851	1	
85	1	4	3	4373.1	3437.23	3	3	-0.30549	1	
0	1	4	1	1800.8	1800.8	1	1	-0.889772	1	
1	1	4	1	1830.94	1830.94	1	1	-0.862291	1	
2	1	4	1	1833.27	1833.27	1	1	-0.607985	1	
3	1	4	1	1852.24	1852.24	1	1	-1.1203	1	
4	1	4	1	1855.24	1855.24	1	1	-1.02677	1	
5	1	4	1	1869.45	1869.45	1	1	-0.891117	1	
6	1	4	1	1873.9	1873.9	1	1	-0.972275	1	
7	1	4	1	1878.07	1878.07	1	1	-0.922218	1	
8	1	4	1	1886.84	1886.84	1	1	-0.88755	1	
9	1	4	1	1922.19	1922.19	1	1	-0.483706	1	
10	1	4	1	1933.4	1933.4	1	1	-0.750442	1	
11	1	4	1	1939.68	1939.68	1	1	-0.825973	1	
12	1	4	1	1939.8	1939.8	1	1	-0.469262	1	
13	1	4	1	1957.98	1957.98	1	1	-0.723344	1	
14	1	4	1	1979.26	1979.26	1	1	-0.759114	1	
15	1	4	1	1996.74	1996.74	1	1	-0.896686	1	
16	1	4	1	2026.92	2026.92	1	1	-0.909721	1	
17	1	4	1	2031.09	2031.09	1	1	-1.02855	1	
18	1	4	1	2043.4	2043.4	1	1	-0.529847	1	
19	1	4	1	2054.62	2054.62	1	1	-0.572628	1	
20	1	4	1	2069.85	2069.85	1	1	-0.647602	1	
21	1	4	1	2114.02	2114.02	1	1	-0.959956	1	
22	1	4	1	2148.04	2148.04	1	1	-0.105601	1	
23	1	4	1	2157.42	2157.42	1	1	-0.975291	1	
24	1	4	1	2192.5	2192.5	1	1	-0.376489	1	
25	1	4	1	2194.51	2194.51	1	1	-1.05572	1	
26	1	4	1	2197.84	2197.84	1	1	-0.740856	1	
27	1	4	1	2289.21	2289.21	1	1	-0.599771	1	
28	1	4	1	2307.7	2307.7	1	1	-0.806508	1	
29	1	4	1	2349.09	2349.09	1	1	-0.464667	1	
30	1	4	1	2354.08	2354.08	1	1	-0.355735	1	
31	1	4	1	2386.24	2386.24	1	1	-0.816519	1	
32	1	4	1	2405.06	2405.06	1	1	-0.629397	1	
33	1	4	1	2412.49	2412.49	1	1	-0.514156	1	
34	1	4	1	2428.17	2428.17	1	1	-0.413048	1	
35	1	4	1	2458.34	2458.34	1	1	-0.611184	1	
36	1	4	1	2461.4	2461.4	1	1	-0.45958	1	
37	1	4	1	2473.82	2473.82	1	1	-0.548129	1	
38	1	4	1	2497.92	2497.92	1	1	-0.276528	1	
39	1	4	1	2500.53	2500.53	1	1	-0.224067	1	
40	1	4	1	2567.74	2567.74	1	1	-1.02271	1	
41	1	4	1	2586.58	2586.58	1	1	-0.93253	1	
42	1	4	1	2630.45	2630.45	1	1	-0.887233	1	
43	1	4	1	2653.76	2653.76	1	1	-1.27531	1	
44	1	4	1	2654.56	2654.56	1	1	-0.408727	1	
45	1	4	1	2673.99	2673.99	1	1	-0.592306	1	
46	1	4	1	2682.63	2682.63	1	1	-0.728301	1	
47	1	4	1	2753.79	2753.79	1	1	-0.849543	1	
48	1	4	1	2801.93	2801.93	1	1	-1.00398	1	
49	1	4	1	2811.96	2811.96	1	1	-0.752967	1	
50	1	4	1	2889.42	2889.42	1	1	-0.962839	1	
51	1	4	1	2892.63	2892.63	1	1	-0.815574	1	
52	1	4	1	2912.89	2912.89	1	1	-0.794404	1	
53	1	4	1	2919.22	2919.22	1	1	-0.96657	1	
54	1	4	1	2942.18	2942.18	1	1	-0.635586	1	
55	1	4	1	2953.1	2953.1	1	1	-0.877687	1	
56	1	4	1	2971.07	2971.07	1	1	-0.760275	1	
57	1	4	1	2989.42	2989.42	1	1	-1.04251	1	
58	1	4	1	3008.12	3008.12	1	1	-0.642216	1	
59	1	4	1	3010.75	3010.75	1	1	-0.428592	1	
60	1	4	1	3014.45	3014.45	1	1	-0.889568	1	
61	1	4	1	3019.91	3019.91	1	1	-0.552784	1	
62	1	4	1	3021.86	3021.86	1	1	-0.700154	1	
63	1	4	1	3028.4	3028.4	1	1	-0.588075	1	
64	1	4	1	3035.83	3035.83	1	1	-0.0599634	1	
65	1	4	1	3065.66	3065.66	1	1	-0.86119	1	
66	1	4	1	3070.77	3070.77	1	1	-0.651287	1	
67	1	4	1	3073.16	3073.16	1	1	-0.498709	1	
68	1	4	1	3090.04	3090.04	1	1	-0.54035	1	
69	1	4	1	3100.28	3100.28	1	1	-1.04048	1	
70	1	4	1	3120.55	3120.55	1	1	-0.669863	1	
71	1	4	1	3129.77	3129.77	1	1	-0.685721	1	
72	1	4	1	3172.87	3172.87	1	1	-0.35016	1	
73	1	4	1	3176.99	3176.99	1	1	-0.566845	1	
74	1	4	1	3192.62	3192.62	1	1	-0.505796	1	
75	1	4	1	3203.63	3203.63	1	1	-0.625328	1	
76	1	4	1	3220.34	3220.34	1	1	-0.568544	1	
77	1	4	1	3249.53	3249.53	1	1	-0.857212	1	
78	1	4	1	3257.14	3257.14	1	1	-0.718946	1	
79	1	4	1	3279.46	3279.46	1	1	-0.377007	1	
80	1	4	1	3331.38	3331.38	1	1	-0.693098	1	
81	1	4	1	3372.54	3372.54	1	1	-0.940129	1	
82	1	4	1	3386.75	3386.75	1	1	-0.695024	1	
83	1	4	1	3392.49	3392.49	1	1	-0.695732	1	
84	1	4	1	3432.06	3432.06	1	1	-0.553063	1	
85	1	4	1	3490.15	3490.15	1	1	-0.617947	1	
86	1	4	1	3491.5	3491.5	1	1	-0.239142	1	
87	1	4	1	3500.13	3500.13	1	1	-0.344823	1	
88	1	4	1	3529.83	3529.83	1	1	-0.367149	1	
89	1	4	1	3533.16	3533.16	1	1	-0.600084	1	
90	1	4	1	3564.94	3564.94	1	1	-0.57864	1	
91	1	4	1	3579.89	3579.89	1	1	-0.553993	1	
92	1	4	1	3579.97	3579.97	1	1	-0.689848	1	
93	1	4	1	3581.36	3581.36	1	1	-0.875326	1	
94	1	4	1	3603.4	3603.4	1	1	-0.774509	1	
95	1	4	1	3604.97	3604.97	1	1	-0.750441	1	
96	1	4	1	3628.66	3628.66	1	1	-0.639941	1	
97	1	4	1	3631.93	3631.93	1	1	-1.11776	1	
98	1	4	1	3633.99	3633.99	1	1	-0.687798	1	
99	1	4	1	3653.06	3653.06	1	1	-0.97664	1	
100	1	4	1	3663.91	3663.91	1	1	-1.14984	1	
101	1	4	1	3691.87	3691.87	1	1	-0.747362	1	
102	1	4	1	3697.96	3697.96	1	1	-0.424949	1	
103	1	4	1	3708.16	3708.16	1	1	-0.674859	1	
104	1	4	1	3709.84	3709.84	1	1	-0.867882	1	
105	1	4	1	3709.85	3709.85	1	1	-0.901618	1	
106	1	4	1	3713.71	3713.71	1	1	-0.867622	1	
107	1	4	1	3721.14	3721.14	1	1	-0.801913	1	
108	1	4	1	3727.63	3727.63	1	1	-0.576801	1	
109	1	4	1	3738.87	3738.87	1	1	-0.958807	1	
110	1	4	1	3763.49	3763.49	1	1	-0.299757	1	
111	1	4	1	3788.08	3788.08	1	1	-0.85235	1	
112	1	4	1	3796.77	3796.77	1	1	-1.17154	1	
113	1	4	1	3825.59	3825.59	1	1	-0.878894	1	
114	1	4	1	3835.21	3835.21	1	1	-1.10934	1	
115	1	4	1	3849.49	3849.49	1	1	-0.706898	1	
116	1	4	1	3871.14	3871.14	1	1	-0.483834	1	
117	1	4	1	3872.73	3872.73	1	1	-0.873312	1	
118	1	4	1	3884.19	3884.19	1	1	-0.556729	1	
119	1	4	1	3959.77	3959.77	1	1	-1.09451	1	
120	1	4	1	3968.99	3968.99	1	1	-0.415999	1	
121	1	4	1	3969.24	3969.24	1	1	-0.757102	1	
122	1	4	1	3985.02	3985.02	1	1	-1.20339	1	
123	1	4	1	3993.2	3993.2	1	1	-0.681908	1	
124	1	4	1	4016.65	4016.65	1	1	-0.758482	1	
125	1	4	1	4019.63	4019.63	1	1	-0.197255	1	
126	1	4	1	4031.67	4031.67	1	1	-0.311853	1	
127	1	4	1	4042.24	4042.24	1	1	-0.511048	1	
128	1	4	1	4071.55	4071.55	1	1	-0.389938	1	
129	1	4	1	4084.45	4084.45	1	1	-0.583745	1	
130	1	4	1	4085.14	4085.14	1	1	-0.541383	1	
131	1	4	1	4093.8	4093.8	1	1	-0.836122	1	
132	1	4	1	4097.54	4097.54	1	1	-0.724306	1	
133	1	4	1	4122.21	4122.21	1	1	-0.645114	1	
134	1	4	1	4131.54	4131.54	1	1	-1.19327	1	
135	1	4	1	4140.15	4140.15	1	1	-1.04903	1	
136	1	4	1	4148.52	4148.52	1	1	-0.80385	1	
137	1	4	1	4166.27	4166.27	1	1	-0.376668	1	
138	1	4	1	4199.28	4199.28	1	1	-0.577941	1	
139	1	4	1	4236.14	4236.14	1	1	-0.443652	1	
140	1	4	1	4265.52	4265.52	1	1	-0.688719	1	
141	1	4	1	4288.64	4288.64	1	1	-0.464391	1	
142	1	4	1	4315.37	4315.37	1	1	-0.353508	1	
143	1	4	1	4315.9	4315.9	1	1	-0.942932	1	
144	1	4	1	4316.12	4316.12	1	1	-0.866906	1	
145	1	4	1	4331.62	4331.62	1	1	-0.887644	1	
146	1	4	1	4333.6	4333.6	1	1	-0.499866	1	
147	1	4	1	4342.91	4342.91	1	1	-0.412999	1	
148	1	4	1	4366.21	4366.21	1	1	-0.764086	1	
149	1	4	1	4372.49	4372.49	1	1	-0.956041	1	
150	1	4	1	4412.39	4412.39	1	1	-1.00625	1	
151	1	4	1	4443.8	4443.8	1	1	-0.793175	1	
152	1	4	1	4465.74	4465.74	1	1	-0.530104	1	
153	1	4	1	4476.94	4476.94	1	1	-1.58157	1	
154	1	4	1	4482.58	4482.58	1	1	-0.938956	1	
155	1	4	1	4502.17	4502.17	1	1	-0.82563	1	
156	1	4	1	4504.97	4504.97	1	1	-0.763556	1	
157	1	4	1	4515.69	4515.69	1	1	-0.669008	1	
158	1	4	1	4517.25	4517.25	1	1	-0.897579	1	
159	1	4	1	4517.28	4517.28	1	1	-0.83006	1	
160	1	4	1	4536.68	4536.68	1	1	-0.979926	1	
161	1	4	1	4649.32	4649.32	1	1	-0.547208	1	
162	1	4	1	4662.91	4662.91	1	1	-0.439805	1	
163	1	4	1	4682.35	4682.35	1	1	-1.14437	1	
164	1	4	1	4700.67	4700.67	1	1	-1.03118	1	
165	1	4	1	4717.73	4717.73	1	1	-1.21042	1	
166	1	4	1	4720.73	4720.73	1	1	-0.796873	1	
167	1	4	1	4727.67	4727.67	1	1	-1.05026	1	
168	1	4	1	4734.21	4734.21	1	1	-0.768157	1	
169	1	4	1	4736.36	4736.36	1	1	-0.57072	1	
170	1	4	1	4815.25	4815.25	1	1	-0.875427	1	
171	1	4	1	4816.02	4816.02	1	1	-1.07375	1	
172	1	4	1	4828.12	4828.12	1	1	-0.313817	1	
173	1	4	1	4834.78	4834.78	1	1	-1.06338	1	
174	1	4	1	4854.3	4854.3	1	1	-0.583707	1	
175	1	4	1	4871.07	4871.07	1	1	-1.35564	1	
176	1	4	1	4886.67	4886.67	1	1	-1.1333	1	
177	1	4	1	4914.2	4914.2	1	1	-0.241499	1	
178	1	4	1	4935.13	4935.13	1	1	-0.512391	1	
179	1	4	1	4939.98	4939.98	1	1	-0.583911	1	
180	1	4	1	4982.66	4982.66	1	1	-1.03235	1	
181	1	4	1	4995.45	4995.45	1	1	-0.936664	1	
182	1	4	1	5008.23	5008.23	1	1	-0.493687	1	
183	1	4	1	5041.79	5041.79	1	1	-0.591886	1	
184	1	4	1	5051.21	5051.21	1	1	-0.340335	1	
185	1	4	1	5057.85	5057.85	1	1	-0.575877	1	
186	1	4	1	5062.73	5062.73	1	1	-0.802408	1	
187	1	4	1	5074.51	5074.51	1	1	-0.816629	1	
188	1	4	1	5080.65	5080.65	1	1	-0.915353	1	
189	1	4	1	5082.64	5082.64	1	1	-0.473915	1	
190	1	4	1	5108.15	5108.15	1	1	-1.1333	1	
191	1	4	1	5114.25	5114.25	1	1	-0.950165	1	
192	1	4	1	5137.85	5137.85	1	1	-0.857978	1	
193	1	4	1	5214.49	5214.49	1	1	-0.567933	1	
194	1	4	1	5231.57	5231.57	1	1	-0.886011	1	
195	1	4	1	5241.29	5241.29	1	1	-0.809831	1	
196	1	4	1	5243.44	5243.44	1	1	-0.375662	1	
197	1	4	1	5255.73	5255.73	1	1	-0.411885	1	
198	1	4	1	5260.63	5260.63	1	1	-0.585321	1	
199	1	4	1	5262.64	5262.64	1	1	-0.189797	1	
200	1	4	1	5297.11	5297.11	1	1	-0.630967	1	
201	1	4	1	5304.36	5304.36	1	1	-0.686722	1	
202	1	4	1	5305.49	5305.49	1	1	-0.781158	1	
203	1	4	1	5315.99	5315.99	1	1	-0.235583	1	
204	1	4	1	5316.68	5316.68	1	1	-0.315982	1	
205	1	4	1	5317.68	5317.68	1	1	-0.683204	1	
206	1	4	1	5357.69	5357.69	1	1	-0.490098	1	
207	1	4	1	5369.75	5369.75	1	1	-0.514725	1	
208	1	4	1	5383.53	5383.53	1	1	-0.138983	1	
0	1	4	1	1834.04	1834.04	1	1	-0.83869	1	
1	1	4	1	1838.39	1838.39	1	1	-0.767634	1	
2	1	4	1	1866.99	1866.99	1	1	-1.12721	1	
3	1	4	1	1869.03	1869.03	1	1	-0.685866	1	
4	1	4	1	1876.59	1876.59	1	1	-0.81038	1	
5	1	4	1	1887.71	1887.71	1	1	-0.938957	1	
6	1	4	1	1890.82	1890.82	1	1	-0.949904	1	
7	1	4	1	1904.78	1904.78	1	1	-0.63494	1	
8	1	4	1	1970.34	1970.34	1	1	-0.593117	1	
9	1	4	1	1983.74	1983.74	1	1	-0.898333	1	
10	1	4	1	1991.62	1991.62	1	1	-1.23699	1	
11	1	4	1	2003.14	2003.14	1	1	-0.918283	1	
12	1	4	1	2021.47	2021.47	1	1	-0.530782	1	
13	1	4	1	2035.59	2035.59	1	1	-0.409903	1	
14	1	4	1	2037.31	2037.31	1	1	-0.775331	1	
15	1	4	1	2042.22	2042.22	1	1	-0.689574	1	
16	1	4	1	2046.94	2046.94	1	1	-0.434665	1	
17	1	4	1	2056.85	2056.85	1	1	-0.530632	1	
18	1	4	1	2065.34	2065.34	1	1	-0.600108	1	
19	1	4	1	2071.44	2071.44	1	1	-0.423743	1	
20	1	4	1	2126.5	2126.5	1	1	-0.951032	1	
21	1	4	1	2146.64	2146.64	1	1	-1.05076	1	
22	1	4	1	2146.82	2146.82	1	1	-1.09628	1	
23	1	4	1	2147.26	2147.26	1	1	-0.760693	1	
24	1	4	1	2158.75	2158.75	1	1	-0.835626	1	
25	1	4	1	2177.34	2177.34	1	1	-0.780673	1	
26	1	4	1	2179	2179	1	1	-1.00379	1	
27	1	4	1	2208.48	2208.48	1	1	-0.837631	1	
28	1	4	1	2209.53	2209.53	1	1	-0.483446	1	
29	1	4	1	2215.43	2215.43	1	1	-0.840169	1	
30	1	4	1	2225.98	2225.98	1	1	-0.434315	1	
31	1	4	1	2287.02	2287.02	1	1	-0.823236	1	
32	1	4	1	2358.27	2358.27	1	1	-0.391693	1	
33	1	4	1	2361.9	2361.9	1	1	-0.572347	1	
34	1	4	1	2371.09	2371.09	1	1	-0.563001	1	
35	1	4	1	2381.31	2381.31	1	1	-0.50936	1	
36	1	4	1	2388.47	2388.47	1	1	-0.522489	1	
37	1	4	1	2399.71	2399.71	1	1	-0.645517	1	
38	1	4	1	2406.31	2406.31	1	1	-0.806991	1	
39	1	4	1	2450.2	2450.2	1	1	-0.629828	1	
40	1	4	1	2452.91	2452.91	1	1	-0.590765	1	
41	1	4	1	2469.2	2469.2	1	1	-0.53004	1	
42	1	4	1	2495.11	2495.11	1	1	-0.707082	1	
43	1	4	1	2516.57	2516.57	1	1	-1.21037	1	
44	1	4	1	2527.36	2527.36	1	1	-0.736392	1	
45	1	4	1	2540.37	2540.37	1	1	-0.629868	1	
46	1	4	1	2557.03	2557.03	1	1	-1.15491	1	
47	1	4	1	2559.6	2559.6	1	1	-0.86843	1	
48	1	4	1	2564.68	2564.68	1	1	-0.956235	1	
49	1	4	1	2577.79	2577.79	1	1	-0.910818	1	
50	1	4	1	2578.65	2578.65	1	1	-0.676816	1	
51	1	4	1	2624.77	2624.77	1	1	-0.468599	1	
52	1	4	1	2642.68	2642.68	1	1	-0.89772	1	
53	1	4	1	2672.52	2672.52	1	1	-0.91852	1	
54	1	4	1	2680.95	2680.95	1	1	-0.946087	1	
55	1	4	1	2695.86	2695.86	1	1	-0.81233	1	
56	1	4	1	2721.76	2721.76	1	1	-0.528415	1	
57	1	4	1	2722.13	2722.13	1	1	-0.645872	1	
58	1	4	1	2725.13	2725.13	1	1	-0.249429	1	
59	1	4	1	2729.07	2729.07	1	1	-0.807551	1	
60	1	4	1	2746.52	2746.52	1	1	-0.962025	1	
61	1	4	1	2749.69	2749.69	1	1	-0.830782	1	
62	1	4	1	2752.45	2752.45	1	1	-0.568366	1	
63	1	4	1	2777.93	2777.93	1	1	-0.627648	1	
64	1	4	1	2780.8	2780.8	1	1	-0.744856	1	
65	1	4	1	2814.17	2814.17	1	1	-0.786049	1	
66	1	4	1	2823.56	2823.56	1	1	-0.759194	1	
67	1	4	1	2835.33	2835.33	1	1	-0.974398	1	
68	1	4	1	2864.92	2864.92	1	1	-0.986791	1	
69	1	4	1	2885.04	2885.04	1	1	-0.922798	1	
70	1	4	1	2907.02	2907.02	1	1	-0.652902	1	
71	1	4	1	2919.82	2919.82	1	1	-0.614225	1	
72	1	4	1	2935.11	2935.11	1	1	-1.2777	1	
73	1	4	1	2945.35	2945.35	1	1	-0.891119	1	
74	1	4	1	2957.48	2957.48	1	1	-0.581224	1	
75	1	4	1	2961.08	2961.08	1	1	-0.642881	1	
76	1	4	1	2971.33	2971.33	1	1	-0.842919	1	
77	1	4	1	2985.98	2985.98	1	1	-0.930227	1	
78	1	4	1	3011.36	3011.36	1	1	-1.12291	1	
79	1	4	1	3029.13	3029.13	1	1	-0.648741	1	
80	1	4	1	3038.21	3038.21	1	1	-0.569506	1	
81	1	4	1	3047.5	3047.5	1	1	-0.696934	1	
82	1	4	1	3054.43	3054.43	1	1	-0.628009	1	
83	1	4	1	3070.52	3070.52	1	1	-0.604867	1	
84	1	4	1	3111.48	3111.48	1	1	-0.814324	1	
85	1	4	1	3117.9	3117.9	1	1	-0.913433	1	
86	1	4	1	3190.34	3190.34	1	1	-0.607623	1	
87	1	4	1	3222.32	3222.32	1	1	-0.812606	1	
88	1	4	1	3244.54	3244.54	1	1	-0.672295	1	
89	1	4	1	3270.67	3270.67	1	1	-0.861026	1	
90	1	4	1	3277.11	3277.11	1	1	-0.877352	1	
91	1	4	1	3289.61	3289.61	1	1	-0.564362	1	
92	1	4	1	3332.75	3332.75	1	1	-0.370261	1	
93	1	4	1	3341.64	3341.64	1	1	-0.426119	1	
94	1	4	1	3356.07	3356.07	1	1	-0.55922	1	
95	1	4	1	3384.99	3384.99	1	1	-0.589477	1	
96	1	4	1	3401.94	3401.94	1	1	-0.661868	1	
97	1	4	1	3403.75	3403.75	1	1	-0.576805	1	
98	1	4	1	3418.01	3418.01	1	1	-0.629916	1	
99	1	4	1	3432.48	3432.48	1	1	-0.7894	1	
100	1	4	1	3476.35	3476.35	1	1	-0.74834	1	
101	1	4	1	3483.78	3483.78	1	1	-0.577566	1	
102	1	4	1	3492.99	3492.99	1	1	-0.433253	1	
103	1	4	1	3504.3	3504.3	1	1	-0.346813	1	
104	1	4	1	3561.67	3561.67	1	1	-0.463722	1	
105	1	4	1	3593.33	3593.33	1	1	-0.936073	1	
106	1	4	1	3595.27	3595.27	1	1	-0.954061	1	
107	1	4	1	3606.47	3606.47	1	1	-0.900095	1	
108	1	4	1	3614.28	3614.28	1	1	-1.0988	1	
109	1	4	1	3619.9	3619.9	1	1	-0.723316	1	
110	1	4	1	3661.61	3661.61	1	1	-0.980146	1	
111	1	4	1	3673.5	3673.5	1	1	-1.22757	1	
112	1	4	1	3699.61	3699.61	1	1	-0.974316	1	
113	1	4	1	3728.95	3728.95	1	1	-0.623425	1	
114	1	4	1	3731.52	3731.52	1	1	-0.735094	1	
115	1	4	1	3768.34	3768.34	1	1	-0.0748999	1	
116	1	4	1	3787.08	3787.08	1	1	-0.138728	1	
117	1	4	1	3802.1	3802.1	1	1	-0.858311	1	
118	1	4	1	3821.49	3821.49	1	1	-0.827859	1	
119	1	4	1	3844.07	3844.07	1	1	-0.745853	1	
120	1	4	1	3857.91	3857.91	1	1	-0.523869	1	
121	1	4	1	3897.48	3897.48	1	1	-0.6658	1	
122	1	4	1	3931.77	3931.77	1	1	-0.525185	1	
123	1	4	1	4006.97	4006.97	1	1	-0.580019	1	
124	1	4	1	4007.15	4007.15	1	1	-0.630672	1	
125	1	4	1	4015.19	4015.19	1	1	-0.885136	1	
126	1	4	1	4048.19	4048.19	1	1	-0.66335	1	
127	1	4	1	4055.03	4055.03	1	1	-0.620207	1	
128	1	4	1	4085.08	4085.08	1	1	-0.58056	1	
129	1	4	1	4096.82	4096.82	1	1	-0.827942	1	
130	1	4	1	4134.42	4134.42	1	1	-0.694118	1	
131	1	4	1	4157.51	4157.51	1	1	-0.687302	1	
132	1	4	1	4158.63	4158.63	1	1	-0.727298	1	
133	1	4	1	4166.59	4166.59	1	1	-1.08925	1	
134	1	4	1	4187.92	4187.92	1	1	-0.480145	1	
135	1	4	1	4192.71	4192.71	1	1	-0.74505	1	
136	1	4	1	4194.85	4194.85	1	1	-0.597755	1	
137	1	4	1	4209.35	4209.35	1	1	-0.617729	1	
138	1	4	1	4211.27	4211.27	1	1	-0.696606	1	
139	1	4	1	4214.54	4214.54	1	1	-0.792854	1	
140	1	4	1	4226.88	4226.88	1	1	-0.843062	1	
141	1	4	1	4233.07	4233.07	1	1	-0.555635	1	
142	1	4	1	4253.45	4253.45	1	1	-0.414739	1	
143	1	4	1	4263.82	4263.82	1	1	-0.578256	1	
144	1	4	1	4279.37	4279.37	1	1	-0.36123	1	
145	1	4	1	4280.01	4280.01	1	1	-0.686785	1	
146	1	4	1	4309.97	4309.97	1	1	-0.497426	1	
147	1	4	1	4327.26	4327.26	1	1	-0.865087	1	
148	1	4	1	4342.43	4342.43	1	1	-0.620588	1	
149	1	4	1	4348.36	4348.36	1	1	-1.31581	1	
150	1	4	1	4356.04	4356.04	1	1	-0.7577	1	
151	1	4	1	4356.68	4356.68	1	1	-0.842753	1	
152	1	4	1	4362.51	4362.51	1	1	-0.984476	1	
153	1	4	1	4370.43	4370.43	1	1	-0.82693	1	
154	1	4	1	4387.01	4387.01	1	1	-0.734295	1	
155	1	4	1	4389.34	4389.34	1	1	-1.16227	1	
156	1	4	1	4467.83	4467.83	1	1	-0.705259	1	
157	1	4	1	4485.6	4485.6	1	1	-0.558809	1	
158	1	4	1	4488.85	4488.85	1	1	-0.618743	1	
159	1	4	1	4501.56	4501.56	1	1	-0.480257	1	
160	1	4	1	4512.34	4512.34	1	1	-0.684644	1	
161	1	4	1	4549.65	4549.65	1	1	-0.681966	1	
162	1	4	1	4555.47	4555.47	1	1	-0.781521	1	
163	1	4	1	4570.7	4570.7	1	1	-0.707176	1	
164	1	4	1	4602.99	4602.99	1	1	-0.56223	1	
165	1	4	1	4605.83	4605.83	1	1	-0.943125	1	
166	1	4	1	4619.04	4619.04	1	1	-0.606811	1	
167	1	4	1	4633.37	4633.37	1	1	-0.621748	1	
168	1	4	1	4638.51	4638.51	1	1	-0.68852	1	
169	1	4	1	4641.17	4641.17	1	1	-0.41809	1	
170	1	4	1	4652.21	4652.21	1	1	-0.70027	1	
171	1	4	1	4660.9	4660.9	1	1	-0.440827	1	
172	1	4	1	4672.23	4672.23	1	1	-0.559047	1	
173	1	4	1	4681.63	4681.63	1	1	-0.847605	1	
174	1	4	1	4704.1	4704.1	1	1	-0.866717	1	
175	1	4	1	4712.44	4712.44	1	1	-0.852845	1	
176	1	4	1	4718.73	4718.73	1	1	-0.650819	1	
177	1	4	1	4743.97	4743.97	1	1	-1.0026	1	
178	1	4	1	4775.01	4775.01	1	1	-0.686433	1	
179	1	4	1	4782.83	4782.83	1	1	-0.742252	1	
180	1	4	1	4801.46	4801.46	1	1	-1.00624	1	
181	1	4	1	4810.42	4810.42	1	1	-0.899829	1	
182	1	4	1	4815.12	4815.12	1	1	-0.969827	1	
183	1	4	1	4841.53	4841.53	1	1	-0.805124	1	
184	1	4	1	4918.39	4918.39	1	1	-0.443153	1	
185	1	4	1	4919	4919	1	1	-0.530528	1	
186	1	4	1	4920.97	4920.97	1	1	-0.572659	1	
187	1	4	1	4938.52	4938.52	1	1	-0.850701	1	
188	1	4	1	4940.99	4940.99	1	1	-0.503173	1	
189	1	4	1	4977.36	4977.36	1	1	-0.686834	1	
190	1	4	1	4984.01	4984.01	1	1	-0.454727	1	
191	1	4	1	4985.24	4985.24	1	1	-0.866783	1	
192	1	4	1	4995.61	4995.61	1	1	-0.688712	1	
193	1	4	1	5006.14	5006.14	1	1	-0.231704	1	
194	1	4	1	5022.17	5022.17	1	1	-0.628462	1	
195	1	4	1	5027.2	5027.2	1	1	-0.314015	1	
196	1	4	1	5031.41	5031.41	1	1	-0.885571	1	
197	1	4	1	5048.6	5048.6	1	1	-0.773956	1	
198	1	4	1	5072.08	5072.08	1	1	-0.408246	1	
199	1	4	1	5133.3	5133.3	1	1	-0.713012	1	
200	1	4	1	5143.94	5143.94	1	1	-0.630323	1	
201	1	4	1	5146.49	5146.49	1	1	-0.501139	1	
202	1	4	1	5238.85	5238.85	1	1	-0.663789	1	
203	1	4	1	5270.38	5270.38	1	1	-0.552988	1	
204	1	4	1	5287.97	5287.97	1	1	-0.564313	1	
205	1	4	1	5312.2	5312.2	1	1	-0.660533	1	
206	1	4	1	5316.62	5316.62	1	1	-0.708156	1	
207	1	4	1	5321.59	5321.59	1	1	-0.332659	1	
208	1	4	1	5321.75	5321.75	1	1	-0.358304	1	
209	1	4	1	5331.38	5331.38	1	1	-0.280001	1	
210	1	4	1	5335.87	5335.87	1	1	-0.0694744	1	
211	1	4	1	5365.02	5365.02	1	1	-0.27193	1	
212	1	4	1	5373.05	5373.05	1	1	-0.376284	1	
213	1	4	1	5388.02	5388.02	1	1	-0.217444	1	
3	1	4	2	2572.1	1869.03	2	2	-1.03184	1	
7	1	4	2	2572.1	1904.78	2	2	-0.997085	1	
8	1	4	2	2572.1	1970.34	2	2	-1.28593	1	
13	1	4	2	2572.1	2035.59	2	2	-0.977937	1	
28	1	4	2	2932.1	2209.53	2	2	-0.714904	1	
41	1	4	2	2932.1	2469.2	2	2	-0.70654	1	
48	1	4	2	3292.1	2564.68	2	2	-1.46782	1	
49	1	4	2	3292.1	2577.79	2	2	-0.932709	1	
57	1	4	2	3292.1	2722.13	2	2	-1.2272	1	
59	1	4	2	3292.1	2729.07	2	2	-0.899202	1	
61	1	4	2	3292.1	2749.69	2	2	-1.4248	1	
63	1	4	2	3292.1	2777.93	2	2	-0.995273	1	
68	1	4	2	3292.1	2864.92	2	2	-0.789452	1	
73	1	4	2	3652.1	2945.35	2	2	-0.828091	1	
74	1	4	2	3652.1	2957.48	2	2	-0.994291	1	
77	1	4	2	3652.1	2985.98	2	2	-1.11306	1	
78	1	4	2	3652.1	3011.36	2	2	-0.826015	1	
79	1	4	2	3652.1	3029.13	2	2	-0.811467	1	
80	1	4	2	3652.1	3038.21	2	2	-0.972789	1	
81	1	4	2	3652.1	3047.5	2	2	-0.835421	1	
95	1	4	2	4012.1	3384.99	2	2	-0.450646	1	
121	1	4	2	4372.1	3897.48	2	2	-1.1277	1	
124	1	4	2	4732.1	4007.15	2	2	-0.500512	1	
153	1	4	2	5092.1	4370.43	2	2	-1.22156	1	
170	1	4	2	5092.1	4652.21	2	2	-0.780387	1	
0	1	4	1	1808.54	1808.54	1	1	-1.19912	1	
1	1	4	1	1832.31	1832.31	1	1	-1.06377	1	
2	1	4	1	1835.14	1835.14	1	1	-1.2843	1	
3	1	4	1	1864.25	1864.25	1	1	-0.883464	1	
4	1	4	1	1874.53	1874.53	1	1	-0.626554	1	
5	1	4	1	1900.12	1900.12	1	1	-0.415478	1	
6	1	4	1	1900.48	1900.48	1	1	-0.323694	1	
7	1	4	1	1960.85	1960.85	1	1	-0.750149	1	
8	1	4	1	1985.94	1985.94	1	1	-0.617802	1	
9	1	4	1	1993.81	1993.81	1	1	-0.541927	1	
10	1	4	1	2009.58	2009.58	1	1	-0.748335	1	
11	1	4	1	2046.02	2046.02	1	1	-0.609765	1	
12	1	4	1	2051.66	2051.66	1	1	-0.470533	1	
13	1	4	1	2060.41	2060.41	1	1	-0.690531	1	
14	1	4	1	2060.98	2060.98	1	1	-0.467533	1	
15	1	4	1	2088.6	2088.6	1	1	-0.592808	1	
16	1	4	1	2096.48	2096.48	1	1	-0.140341	1	
17	1	4	1	2123.71	2123.71	1	1	-0.700013	1	
18	1	4	1	2136.5	2136.5	1	1	-0.980225	1	
19	1	4	1	2174.75	2174.75	1	1	-0.714328	1	
20	1	4	1	2183.97	2183.97	1	1	-0.709475	1	
21	1	4	1	2186.73	2186.73	1	1	-0.688328	1	
22	1	4	1	2217.27	2217.27	1	1	-0.817344	1	
23	1	4	1	2218.22	2218.22	1	1	-0.799377	1	
24	1	4	1	2243.16	2243.16	1	1	-0.823853	1	
25	1	4	1	2263.99	2263.99	1	1	-0.774062	1	
26	1	4	1	2271.75	2271.75	1	1	-0.716557	1	
27	1	4	1	2288.02	2288.02	1	1	-0.648511	1	
28	1	4	1	2304.78	2304.78	1	1	-0.574857	1	
29	1	4	1	2324.96	2324.96	1	1	-0.349349	1	
30	1	4	1	2346.17	2346.17	1	1	-0.90438	1	
31	1	4	1	2350.13	2350.13	1	1	-0.404583	1	
32	1	4	1	2387.21	2387.21	1	1	-0.843388	1	
33	1	4	1	2402.36	2402.36	1	1	-0.677528	1	
34	1	4	1	2404.84	2404.84	1	1	-0.562769	1	
35	1	4	1	2427.84	2427.84	1	1	-0.481204	1	
36	1	4	1	2440.45	2440.45	1	1	-0.821601	1	
37	1	4	1	2448.23	2448.23	1	1	-0.622258	1	
38	1	4	1	2456.45	2456.45	1	1	-0.501996	1	
39	1	4	1	2460.86	2460.86	1	1	-0.665983	1	
40	1	4	1	2461.49	2461.49	1	1	-0.381239	1	
41	1	4	1	2463.88	2463.88	1	1	-0.8748	1	
42	1	4	1	2465.43	2465.43	1	1	-0.55335	1	
43	1	4	1	2501.07	2501.07	1	1	-0.531503	1	
44	1	4	1	2509.66	2509.66	1	1	-0.683824	1	
45	1	4	1	2515.28	2515.28	1	1	-1.08338	1	
46	1	4	1	2525.84	2525.84	1	1	-1.50301	1	
47	1	4	1	2526.95	2526.95	1	1	-1.0478	1	
48	1	4	1	2548.32	2548.32	1	1	-1.11767	1	
49	1	4	1	2582.19	2582.19	1	1	-1.02208	1	
50	1	4	1	2667.44	2667.44	1	1	-1.0525	1	
51	1	4	1	2675.16	2675.16	1	1	-0.800085	1	
52	1	4	1	2714.48	2714.48	1	1	-0.922413	1	
53	1	4	1	2716.02	2716.02	1	1	-0.536413	1	
54	1	4	1	2731.1	2731.1	1	1	-0.904745	1	
55	1	4	1	2737	2737	1	1	-0.7566	1	
56	1	4	1	2752.62	2752.62	1	1	-0.782244	1	
57	1	4	1	2761.29	2761.29	1	1	-0.691209	1	
58	1	4	1	2775.28	2775.28	1	1	-0.982202	1	
59	1	4	1	2792	2792	1	1	-0.447246	1	
60	1	4	1	2792.69	2792.69	1	1	-0.935753	1	
61	1	4	1	2817.93	2817.93	1	1	-0.853192	1	
62	1	4	1	2845.03	2845.03	1	1	-0.741572	1	
63	1	4	1	2860.74	2860.74	1	1	-0.699475	1	
64	1	4	1	2900.05	2900.05	1	1	-0.581451	1	
65	1	4	1	2904.54	2904.54	1	1	-1.01209	1	
66	1	4	1	2922.08	2922.08	1	1	-0.898925	1	
67	1	4	1	2931.74	2931.74	1	1	-0.899636	1	
68	1	4	1	2947.38	2947.38	1	1	-0.888165	1	
69	1	4	1	2987.61	2987.61	1	1	-0.995164	1	
70	1	4	1	3004.03	3004.03	1	1	-0.684727	1	
71	1	4	1	3013.25	3013.25	1	1	-0.840395	1	
72	1	4	1	3072.85	3072.85	1	1	-0.831338	1	
73	1	4	1	3073.67	3073.67	1	1	-0.755708	1	
74	1	4	1	3074.51	3074.51	1	1	-0.843227	1	
75	1	4	1	3085.77	3085.77	1	1	-1.04052	1	
76	1	4	1	3100.98	3100.98	1	1	-0.730299	1	
77	1	4	1	3113.54	3113.54	1	1	-0.813877	1	
78	1	4	1	3185.58	3185.58	1	1	-0.476398	1	
79	1	4	1	3195.11	3195.11	1	1	-0.631059	1	
80	1	4	1	3200.64	3200.64	1	1	-0.59858	1	
81	1	4	1	3216.59	3216.59	1	1	-0.386368	1	
82	1	4	1	3223.13	3223.13	1	1	-0.510123	1	
83	1	4	1	3223.94	3223.94	1	1	-0.744308	1	
84	1	4	1	3227.72	3227.72	1	1	-0.540851	1	
85	1	4	1	3229.34	3229.34	1	1	-0.65643	1	
86	1	4	1	3258	3258	1	1	-0.672778	1	
87	1	4	1	3259.3	3259.3	1	1	-0.764031	1	
88	1	4	1	3259.33	3259.33	1	1	-0.535541	1	
89	1	4	1	3278.65	3278.65	1	1	-0.896195	1	
90	1	4	1	3322.04	3322.04	1	1	-0.885948	1	
91	1	4	1	3335.9	3335.9	1	1	-0.533635	1	
92	1	4	1	3336.65	3336.65	1	1	-1.0107	1	
93	1	4	1	3348.11	3348.11	1	1	-0.526505	1	
94	1	4	1	3356.93	3356.93	1	1	-0.877175	1	
95	1	4	1	3359.09	3359.09	1	1	-0.622369	1	
96	1	4	1	3377.68	3377.68	1	1	-0.365882	1	
97	1	4	1	3379.68	3379.68	1	1	-0.636815	1	
98	1	4	1	3381.21	3381.21	1	1	-0.45744	1	
99	1	4	1	3383.17	3383.17	1	1	-0.403191	1	
100	1	4	1	3393.72	3393.72	1	1	-0.663917	1	
101	1	4	1	3426.33	3426.33	1	1	-0.890157	1	
102	1	4	1	3431.83	3431.83	1	1	-0.536242	1	
103	1	4	1	3445.94	3445.94	1	1	-0.62158	1	
104	1	4	1	3447.48	3447.48	1	1	-0.635023	1	
105	1	4	1	3470.68	3470.68	1	1	-0.65684	1	
106	1	4	1	3479.97	3479.97	1	1	-0.62564	1	
107	1	4	1	3482.59	3482.59	1	1	-0.50426	1	
108	1	4	1	3530.9	3530.9	1	1	-0.308684	1	
109	1	4	1	3550.09	3550.09	1	1	-0.761207	1	
110	1	4	1	3552.68	3552.68	1	1	-0.338964	1	
111	1	4	1	3578.02	3578.02	1	1	-0.328517	1	
112	1	4	1	3614.82	3614.82	1	1	-0.957675	1	
113	1	4	1	3663.33	3663.33	1	1	-1.05273	1	
114	1	4	1	3682.96	3682.96	1	1	-0.817907	1	
115	1	4	1	3683.56	3683.56	1	1	-0.649812	1	
116	1	4	1	3705.23	3705.23	1	1	-0.867046	1	
117	1	4	1	3715.29	3715.29	1	1	-0.726131	1	
118	1	4	1	3734.29	3734.29	1	1	-0.850989	1	
119	1	4	1	3747.26	3747.26	1	1	-0.781909	1	
120	1	4	1	3793.59	3793.59	1	1	-0.695193	1	
121	1	4	1	3798.72	3798.72	1	1	-0.66992	1	
122	1	4	1	3802.63	3802.63	1	1	-0.354354	1	
123	1	4	1	3807.56	3807.56	1	1	-0.621796	1	
124	1	4	1	3818.29	3818.29	1	1	-0.39168	1	
125	1	4	1	3825.79	3825.79	1	1	-0.92092	1	
126	1	4	1	3870.74	3870.74	1	1	-0.767625	1	
127	1	4	1	3871.13	3871.13	1	1	-0.400493	1	
128	1	4	1	3879.43	3879.43	1	1	-0.810317	1	
129	1	4	1	3889.09	3889.09	1	1	-0.798273	1	
130	1	4	1	3897.84	3897.84	1	1	-0.88361	1	
131	1	4	1	3904.03	3904.03	1	1	-0.923663	1	
132	1	4	1	3917.04	3917.04	1	1	-0.808904	1	
133	1	4	1	3962.93	3962.93	1	1	-0.669192	1	
134	1	4	1	3964.33	3964.33	1	1	-0.817819	1	
135	1	4	1	3973.47	3973.47	1	1	-1.12802	1	
136	1	4	1	3975.9	3975.9	1	1	-0.512711	1	
137	1	4	1	4006.3	4006.3	1	1	-0.945473	1	
138	1	4	1	4017.87	4017.87	1	1	-0.758627	1	
139	1	4	1	4040.57	4040.57	1	1	-0.50063	1	
140	1	4	1	4051.71	4051.71	1	1	-0.832391	1	
141	1	4	1	4059.79	4059.79	1	1	-0.502268	1	
142	1	4	1	4076.95	4076.95	1	1	-0.73017	1	
143	1	4	1	4092.65	4092.65	1	1	-0.79723	1	
144	1	4	1	4128.87	4128.87	1	1	-0.427421	1	
145	1	4	1	4139.41	4139.41	1	1	-0.634215	1	
146	1	4	1	4148.65	4148.65	1	1	-0.67504	1	
147	1	4	1	4154.97	4154.97	1	1	-0.711931	1	
148	1	4	1	4192.47	4192.47	1	1	-0.799497	1	
149	1	4	1	4217.24	4217.24	1	1	-0.44736	1	
150	1	4	1	4217.83	4217.83	1	1	-0.494975	1	
151	1	4	1	4219.3	4219.3	1	1	-1.14937	1	
152	1	4	1	4231.52	4231.52	1	1	-0.663444	1	
153	1	4	1	4240.1	4240.1	1	1	-0.318623	1	
154	1	4	1	4245.72	4245.72	1	1	-0.448865	1	
155	1	4	1	4256.29	4256.29	1	1	-0.548168	1	
156	1	4	1	4285.75	4285.75	1	1	-0.497374	1	
157	1	4	1	4298.49	4298.49	1	1	-0.545441	1	
158	1	4	1	4298.71	4298.71	1	1	-0.337404	1	
159	1	4	1	4304.26	4304.26	1	1	-0.426711	1	
160	1	4	1	4338.51	4338.51	1	1	-0.883972	1	
161	1	4	1	4353.52	4353.52	1	1	-0.804366	1	
162	1	4	1	4358.7	4358.7	1	1	-1.08573	1	
163	1	4	1	4363.09	4363.09	1	1	-0.981093	1	
164	1	4	1	4412.92	4412.92	1	1	-0.742163	1	
165	1	4	1	4419.34	4419.34	1	1	-0.849499	1	
166	1	4	1	4434.21	4434.21	1	1	-0.847401	1	
167	1	4	1	4434.87	4434.87	1	1	-0.85986	1	
168	1	4	1	4453.5	4453.5	1	1	-0.798757	1	
169	1	4	1	4464.17	4464.17	1	1	-0.961724	1	
170	1	4	1	4479.88	4479.88	1	1	-0.691494	1	
171	1	4	1	4504.64	4504.64	1	1	-0.428514	1	
172	1	4	1	4508.76	4508.76	1	1	-1.10487	1	
173	1	4	1	4539.19	4539.19	1	1	-1.10666	1	
174	1	4	1	4541.26	4541.26	1	1	-0.782257	1	
175	1	4	1	4589.45	4589.45	1	1	-1.11966	1	
176	1	4	1	4600.16	4600.16	1	1	-0.642433	1	
177	1	4	1	4694.3	4694.3	1	1	-1.1421	1	
178	1	4	1	4711.69	4711.69	1	1	-0.730437	1	
179	1	4	1	4744.35	4744.35	1	1	-0.8466	1	
180	1	4	1	4761.12	4761.12	1	1	-0.897494	1	
181	1	4	1	4761.18	4761.18	1	1	-0.651555	1	
182	1	4	1	4769.41	4769.41	1	1	-0.944514	1	
183	1	4	1	4792.07	4792.07	1	1	-0.732747	1	
184	1	4	1	4811.63	4811.63	1	1	-0.751815	1	
185	1	4	1	4831.97	4831.97	1	1	-0.654191	1	
186	1	4	1	4839.1	4839.1	1	1	-1.04469	1	
187	1	4	1	4857.49	4857.49	1	1	-0.56226	1	
188	1	4	1	4900.7	4900.7	1	1	-0.655099	1	
189	1	4	1	4909.68	4909.68	1	1	-0.768987	1	
190	1	4	1	4925.4	4925.4	1	1	-0.747588	1	
191	1	4	1	4940.4	4940.4	1	1	-0.793455	1	
192	1	4	1	4989.94	4989.94	1	1	-0.947123	1	
193	1	4	1	5001.53	5001.53	1	1	-0.733704	1	
194	1	4	1	5021.37	5021.37	1	1	-0.681632	1	
195	1	4	1	5029.96	5029.96	1	1	-0.530074	1	
196	1	4	1	5056.88	5056.88	1	1	-0.766945	1	
197	1	4	1	5064.38	5064.38	1	1	-0.773338	1	
198	1	4	1	5086.24	5086.24	1	1	-0.801237	1	
199	1	4	1	5087.56	5087.56	1	1	-0.807129	1	
200	1	4	1	5125.2	5125.2	1	1	-0.456895	1	
201	1	4	1	5130.14	5130.14	1	1	-0.32766	1	
202	1	4	1	5143.01	5143.01	1	1	-0.556747	1	
203	1	4	1	5144.94	5144.94	1	1	-0.545755	1	
204	1	4	1	5167.05	5167.05	1	1	-0.768171	1	
205	1	4	1	5168.81	5168.81	1	1	-0.67552	1	
206	1	4	1	5187.81	5187.81	1	1	-0.606381	1	
207	1	4	1	5218.08	5218.08	1	1	-0.659956	1	
208	1	4	1	5222.82	5222.82	1	1	-0.77106	1	
209	1	4	1	5226.38	5226.38	1	1	-0.478831	1	
210	1	4	1	5237.04	5237.04	1	1	-0.641559	1	
211	1	4	1	5266.27	5266.27	1	1	-0.437351	1	
212	1	4	1	5285.52	5285.52	1	1	-0.652298	1	
213	1	4	1	5286.69	5286.69	1	1	-0.647441	1	
214	1	4	1	5310	5310	1	1	-0.40511	1	
215	1	4	1	5317.22	5317.22	1	1	-0.8688	1	
216	1	4	1	5324.62	5324.62	1	1	-0.558052	1	
217	1	4	1	5331.02	5331.02	1	1	-0.367194	1	
218	1	4	1	5337.07	5337.07	1	1	-0.368248	1	
219	1	4	1	5337.56	5337.56	1	1	-0.348236	1	
220	1	4	1	5340.91	5340.91	1	1	-0.456794	1	
221	1	4	1	5361.36	5361.36	1	1	-0.233942	1	
102	1	4	2	4012.1	3431.83	2	2	-0.382128	1	
0	1	4	3	2933.1	1808.54	3	3	-0.353173	1	
1	1	4	3	2933.1	1832.31	3	3	-0.285239	1	
2	1	4	3	2933.1	1835.14	3	3	-0.316493	1	
3	1	4	3	2933.1	1864.25	3	3	-0.25702	1	
4	1	4	3	2933.1	1874.53	3	3	-0.361515	1	
5	1	4	3	2933.1	1900.12	3	3	-0.306167	1	
6	1	4	3	2933.1	1900.48	3	3	-0.315684	1	
7	1	4	3	2933.1	1960.85	3	3	-0.278272	1	
8	1	4	3	2933.1	1985.94	3	3	-0.226608	1	
9	1	4	3	2933.1	1993.81	3	3	-0.222167	1	
10	1	4	3	2933.1	2009.58	3	3	-0.288545	1	
11	1	4	3	2933.1	2046.02	3	3	-0.331942	1	
12	1	4	3	2933.1	2051.66	3	3	-0.305622	1	
13	1	4	3	2933.1	2060.41	3	3	-0.202138	1	
14	1	4	3	2933.1	2060.98	3	3	-0.342257	1	
15	1	4	3	2933.1	2088.6	3	3	-0.255632	1	
16	1	4	3	2933.1	2096.48	3	3	-0.230033	1	
17	1	4	3	2933.1	2123.71	3	3	-0.312799	1	
18	1	4	3	2933.1	2136.5	3	3	-0.271407	1	
20	1	4	3	3293.1	2183.97	3	3	-0.295917	1	
22	1	4	3	3293.1	2217.27	3	3	-0.244019	1	
24	1	4	3	3293.1	2243.16	3	3	-0.297261	1	
25	1	4	3	3293.1	2263.99	3	3	-0.268839	1	
26	1	4	3	3293.1	2271.75	3	3	-0.267213	1	
27	1	4	3	3293.1	2288.02	3	3	-0.222063	1	
28	1	4	3	3293.1	2304.78	3	3	-0.363781	1	
31	1	4	3	3293.1	2350.13	3	3	-0.242012	1	
32	1	4	3	3293.1	2387.21	3	3	-0.32186	1	
33	1	4	3	3293.1	2402.36	3	3	-0.303163	1	
34	1	4	3	3293.1	2404.84	3	3	-0.353478	1	
35	1	4	3	3293.1	2427.84	3	3	-0.274194	1	
36	1	4	3	3293.1	2440.45	3	3	-0.223547	1	
37	1	4	3	3293.1	2448.23	3	3	-0.315803	1	
38	1	4	3	3293.1	2456.45	3	3	-0.283241	1	
40	1	4	3	3293.1	2461.49	3	3	-0.282028	1	
41	1	4	3	3293.1	2463.88	3	3	-0.347251	1	
42	1	4	3	3293.1	2465.43	3	3	-0.329063	1	
44	1	4	3	3293.1	2509.66	3	3	-0.292806	1	
45	1	4	3	3653.1	2515.28	3	3	-0.275187	1	
46	1	4	3	3653.1	2525.84	3	3	-0.31031	1	
47	1	4	3	3653.1	2526.95	3	3	-0.357459	1	
48	1	4	3	3653.1	2548.32	3	3	-0.326609	1	
49	1	4	3	3653.1	2582.19	3	3	-0.284053	1	
50	1	4	3	3653.1	2667.44	3	3	-0.253717	1	
51	1	4	3	3653.1	2675.16	3	3	-0.28709	1	
53	1	4	3	3653.1	2716.02	3	3	-0.305883	1	
54	1	4	3	3653.1	2731.1	3	3	-0.203623	1	
55	1	4	3	3653.1	2737	3	3	-0.307467	1	
56	1	4	3	3653.1	2752.62	3	3	-0.288205	1	
57	1	4	3	3653.1	2761.29	3	3	-0.319282	1	
58	1	4	3	3653.1	2775.28	3	3	-0.314746	1	
59	1	4	3	3653.1	2792	3	3	-0.212449	1	
60	1	4	3	3653.1	2792.69	3	3	-0.277785	1	
61	1	4	3	3653.1	2817.93	3	3	-0.23825	1	
62	1	4	3	3653.1	2845.03	3	3	-0.263169	1	
63	1	4	3	3653.1	2860.74	3	3	-0.372891	1	
64	1	4	3	4013.1	2900.05	3	3	-0.332148	1	
65	1	4	3	4013.1	2904.54	3	3	-0.200203	1	
66	1	4	3	4013.1	2922.08	3	3	-0.368023	1	
67	1	4	3	4013.1	2931.74	3	3	-0.262979	1	
68	1	4	3	4013.1	2947.38	3	3	-0.312272	1	
69	1	4	3	4013.1	2987.61	3	3	-0.277475	1	
70	1	4	3	4013.1	3004.03	3	3	-0.290305	1	
71	1	4	3	4013.1	3013.25	3	3	-0.32706	1	
72	1	4	3	4013.1	3072.85	3	3	-0.196089	1	
73	1	4	3	4013.1	3073.67	3	3	-0.205347	1	
74	1	4	3	4013.1	3074.51	3	3	-0.272799	1	
75	1	4	3	4013.1	3085.77	3	3	-0.336944	1	
76	1	4	3	4013.1	3100.98	3	3	-0.282976	1	
77	1	4	3	4013.1	3113.54	3	3	-0.318081	1	
78	1	4	3	4013.1	3185.58	3	3	-0.261956	1	
79	1	4	3	4013.1	3195.11	3	3	-0.3796	1	
80	1	4	3	4013.1	3200.64	3	3	-0.259181	1	
81	1	4	3	4013.1	3216.59	3	3	-0.272723	1	
82	1	4	3	4013.1	3223.13	3	3	-0.282848	1	
83	1	4	3	4013.1	3223.94	3	3	-0.31543	1	
84	1	4	3	4013.1	3227.72	3	3	-0.258314	1	
85	1	4	3	4013.1	3229.34	3	3	-0.274956	1	
86	1	4	3	4373.1	3258	3	3	-0.263573	1	
87	1	4	3	4373.1	3259.3	3	3	-0.281178	1	
89	1	4	3	4373.1	3278.65	3	3	-0.366231	1	
90	1	4	3	4373.1	3322.04	3	3	-0.310392	1	
92	1	4	3	4373.1	3336.65	3	3	-0.253432	1	
93	1	4	3	4373.1	3348.11	3	3	-0.186861	1	
94	1	4	3	4373.1	3356.93	3	3	-0.361871	1	
96	1	4	3	4373.1	3377.68	3	3	-0.174821	1	
98	1	4	3	4373.1	3381.21	3	3	-0.290487	1	
99	1	4	3	4373.1	3383.17	3	3	-0.302033	1	
100	1	4	3	4373.1	3393.72	3	3	-0.319314	1	
101	1	4	3	4373.1	3426.33	3	3	-0.276777	1	
103	1	4	3	4373.1	3445.94	3	3	-0.196157	1	
104	1	4	3	4373.1	3447.48	3	3	-0.245804	1	
105	1	4	3	4373.1	3470.68	3	3	-0.28692	1	
107	1	4	3	4373.1	3482.59	3	3	-0.274228	1	
108	1	4	3	4373.1	3530.9	3	3	-0.30122	1	
109	1	4	3	4373.1	3550.09	3	3	-0.279762	1	
110	1	4	3	4373.1	3552.68	3	3	-0.242882	1	
111	1	4	3	4373.1	3578.02	3	3	-0.202894	1	
112	1	4	3	4733.1	3614.82	3	3	-0.336821	1	
113	1	4	3	4733.1	3663.33	3	3	-0.306933	1	
114	1	4	3	4733.1	3682.96	3	3	-0.241772	1	
115	1	4	3	4733.1	3683.56	3	3	-0.368984	1	
116	1	4	3	4733.1	3705.23	3	3	-0.360455	1	
117	1	4	3	4733.1	3715.29	3	3	-0.297886	1	
118	1	4	3	4733.1	3734.29	3	3	-0.299823	1	
119	1	4	3	4733.1	3747.26	3	3	-0.245564	1	
120	1	4	3	4733.1	3793.59	3	3	-0.368765	1	
121	1	4	3	4733.1	3798.72	3	3	-0.250031	1	
122	1	4	3	4733.1	3802.63	3	3	-0.187452	1	
123	1	4	3	4733.1	3807.56	3	3	-0.258712	1	
124	1	4	3	4733.1	3818.29	3	3	-0.314559	1	
125	1	4	3	4733.1	3825.79	3	3	-0.319099	1	
126	1	4	3	4733.1	3870.74	3	3	-0.386364	1	
127	1	4	3	4733.1	3871.13	3	3	-0.348841	1	
128	1	4	3	4733.1	3879.43	3	3	-0.218662	1	
129	1	4	3	4733.1	3889.09	3	3	-0.276346	1	
130	1	4	3	4733.1	3897.84	3	3	-0.339689	1	
131	1	4	3	4733.1	3904.03	3	3	-0.236905	1	
132	1	4	3	4733.1	3917.04	3	3	-0.312399	1	
133	1	4	3	5093.1	3962.93	3	3	-0.28072	1	
134	1	4	3	5093.1	3964.33	3	3	-0.221574	1	
135	1	4	3	5093.1	3973.47	3	3	-0.243324	1	
137	1	4	3	5093.1	4006.3	3	3	-0.35873	1	
140	1	4	3	5093.1	4051.71	3	3	-0.280889	1	
142	1	4	3	5093.1	4076.95	3	3	-0.313208	1	
145	1	4	3	5093.1	4139.41	3	3	-0.371036	1	
146	1	4	3	5093.1	4148.65	3	3	-0.286583	1	
147	1	4	3	5093.1	4154.97	3	3	-0.253027	1	
148	1	4	3	5093.1	4192.47	3	3	-0.306091	1	
149	1	4	3	5093.1	4217.24	3	3	-0.191907	1	
150	1	4	3	5093.1	4217.83	3	3	-0.178323	1	
151	1	4	3	5093.1	4219.3	3	3	-0.314112	1	
154	1	4	3	5093.1	4245.72	3	3	-0.300212	1	
155	1	4	3	5093.1	4256.29	3	3	-0.380799	1	
158	1	4	3	5093.1	4298.71	3	3	-0.298956	1	
159	1	4	3	5093.1	4304.26	3	3	-0.252762	1	
1	1	4	1	1868.51	1868.51	1	1	-0.741787	1	
143	1	4	1	4396.13	4396.13	1	1	-0.789401	1	
144	1	4	1	4403.43	4403.43	1	1	-0.579321	1	
145	1	4	1	4437.35	4437.35	1	1	-0.595497	1	
102	1	4	1	3824.18	3824.18	1	1	-0.591565	1	
103	1	4	1	3859.96	3859.96	1	1	-0.961783	1	
104	1	4	1	3866.51	3866.51	1	1	-1.00873	1	
172	1	4	1	4919.68	4919.68	1	1	-0.929662	1	
173	1	4	1	4927.31	4927.31	1	1	-0.686946	1	
174	1	4	1	4931.66	4931.66	1	1	-0.45575	1	
175	1	4	1	4973.49	4973.49	1	1	-0.516291	1	
80	1	4	1	3403.64	3403.64	1	1	-0.683664	1	
81	1	4	1	3465.6	3465.6	1	1	-0.416328	1	
55	1	4	1	3055.11	3055.11	1	1	-0.648559	1	
56	1	4	1	3062.92	3062.92	1	1	-0.538218	1	
153	1	4	1	4590.02	4590.02	1	1	-0.585441	1	
154	1	4	1	4603.51	4603.51	1	1	-1.00236	1	
155	1	4	1	4618.11	4618.11	1	1	-0.694579	1	
156	1	4	1	4647.01	4647.01	1	1	-0.521117	1	
8	1	4	1	2053.46	2053.46	1	1	-1.12254	1	
6	1	4	1	2023.61	2023.61	1	1	-0.53281	1	
7	1	4	1	2031.06	2031.06	1	1	-0.649338	1	
150	1	4	1	4578.16	4578.16	1	1	-1.15847	1	
151	1	4	1	4581.14	4581.14	1	1	-0.775819	1	
152	1	4	1	4583.16	4583.16	1	1	-0.797714	1	
25	1	4	1	2438.57	2438.57	1	1	-0.766798	1	
26	1	4	1	2442.71	2442.71	1	1	-0.719552	1	
42	1	4	1	2769.92	2769.92	1	1	-0.771037	1	
43	1	4	1	2797.12	2797.12	1	1	-0.795914	1	
176	1	4	1	5007.1	5007.1	1	1	-0.557198	1	
177	1	4	1	5052.09	5052.09	1	1	-0.803379	1	
178	1	4	1	5078.15	5078.15	1	1	-0.569976	1	
179	1	4	1	5099.58	5099.58	1	1	-0.535023	1	
160	1	4	1	4726.67	4726.67	1	1	-0.82096	1	
161	1	4	1	4728.85	4728.85	1	1	-0.861307	1	
162	1	4	1	4729.23	4729.23	1	1	-0.979702	1	
163	1	4	1	4746.96	4746.96	1	1	-0.0484439	1	
168	1	4	1	4855.4	4855.4	1	1	-0.460263	1	
169	1	4	1	4856.06	4856.06	1	1	-0.510443	1	
170	1	4	1	4900.59	4900.59	1	1	-0.88657	1	
171	1	4	1	4902.77	4902.77	1	1	-0.460173	1	
33	1	4	1	2567.23	2567.23	1	1	-1.21016	1	
34	1	4	1	2576.11	2576.11	1	1	-0.727238	1	
72	1	4	1	3302.34	3302.34	1	1	-1.04405	1	
73	1	4	1	3303.12	3303.12	1	1	-0.822836	1	
74	1	4	1	3313.28	3313.28	1	1	-0.880373	1	
119	1	4	1	4047.52	4047.52	1	1	-0.765646	1	
120	1	4	1	4070.17	4070.17	1	1	-0.650439	1	
121	1	4	1	4092.8	4092.8	1	1	-0.617671	1	
110	1	4	1	3903.07	3903.07	1	1	-0.31856	1	
111	1	4	1	3918.96	3918.96	1	1	-0.526428	1	
112	1	4	1	3932.66	3932.66	1	1	-0.872156	1	
4	1	4	1	1968.5	1968.5	1	1	-0.726174	1	
5	1	4	1	2013.24	2013.24	1	1	-0.449487	1	
38	1	4	1	2672.87	2672.87	1	1	-0.948911	1	
39	1	4	1	2673.22	2673.22	1	1	-0.368158	1	
133	1	4	1	4222.52	4222.52	1	1	-0.714055	1	
134	1	4	1	4228.69	4228.69	1	1	-0.494398	1	
135	1	4	1	4240.01	4240.01	1	1	-0.626702	1	
136	1	4	1	4244.31	4244.31	1	1	-0.885025	1	
164	1	4	1	4753.96	4753.96	1	1	-0.864039	1	
165	1	4	1	4811.87	4811.87	1	1	-0.260432	1	
166	1	4	1	4814.44	4814.44	1	1	-0.668032	1	
167	1	4	1	4847.04	4847.04	1	1	-0.765724	1	
50	1	4	1	2919.17	2919.17	1	1	-0.828553	1	
51	1	4	1	2961.47	2961.47	1	1	-0.851425	1	
2	1	4	1	1889	1889	1	1	-0.934895	1	
0	1	4	1	1853.66	1853.66	1	1	-0.601009	1	
16	1	4	1	2256.08	2256.08	1	1	-1.15901	1	
17	1	4	1	2318.14	2318.14	1	1	-0.847957	1	
125	1	4	1	4139.59	4139.59	1	1	-0.615691	1	
126	1	4	1	4144.8	4144.8	1	1	-0.73628	1	
127	1	4	1	4148.46	4148.46	1	1	-0.772901	1	
46	1	4	1	2870.54	2870.54	1	1	-0.28899	1	
47	1	4	1	2883.98	2883.98	1	1	-1.09765	1	
89	1	4	1	3573.76	3573.76	1	1	-0.162246	1	
90	1	4	1	3604.74	3604.74	1	1	-0.897385	1	
91	1	4	1	3605.74	3605.74	1	1	-1.20109	1	
113	1	4	1	3972.57	3972.57	1	1	-0.764394	1	
114	1	4	1	3976.23	3976.23	1	1	-0.765849	1	
115	1	4	1	3981.2	3981.2	1	1	-0.768763	1	
108	1	4	1	3886.76	3886.76	1	1	-0.688961	1	
109	1	4	1	3899.2	3899.2	1	1	-0.551474	1	
180	1	4	1	5107.13	5107.13	1	1	-0.805524	1	
181	1	4	1	5108.99	5108.99	1	1	-0.404371	1	
182	1	4	1	5155.5	5155.5	1	1	-0.743883	1	
183	1	4	1	5178.03	5178.03	1	1	-0.687535	1	
44	1	4	1	2828.49	2828.49	1	1	-0.872927	1	
45	1	4	1	2830.14	2830.14	1	1	-0.667067	1	
92	1	4	1	3610.19	3610.19	1	1	-1.26094	1	
93	1	4	1	3645.67	3645.67	1	1	-1.17123	1	
66	1	4	1	3177.82	3177.82	1	1	-0.534902	1	
67	1	4	1	3180.72	3180.72	1	1	-0.408713	1	
3	1	4	1	1931.06	1931.06	1	1	-0.931774	1	
87	1	4	1	3557.63	3557.63	1	1	-0.543651	1	
88	1	4	1	3566.99	3566.99	1	1	-0.532067	1	
68	1	4	1	3233.23	3233.23	1	1	-0.694993	1	
69	1	4	1	3235.35	3235.35	1	1	-0.798583	1	
22	1	4	1	2400.93	2400.93	1	1	-0.424639	1	
48	1	4	1	2891.85	2891.85	1	1	-0.842235	1	
49	1	4	1	2901.07	2901.07	1	1	-0.755276	1	
35	1	4	1	2588.91	2588.91	1	1	-1.17622	1	
20	1	4	1	2364.43	2364.43	1	1	-0.520312	1	
21	1	4	1	2389.76	2389.76	1	1	-0.713175	1	
57	1	4	1	3094.32	3094.32	1	1	-0.402908	1	
58	1	4	1	3094.98	3094.98	1	1	-0.863392	1	
18	1	4	1	2318.59	2318.59	1	1	-0.181392	1	
19	1	4	1	2336.08	2336.08	1	1	-0.809966	1	
13	1	4	1	2166.02	2166.02	1	1	-0.821399	1	
14	1	4	1	2176.14	2176.14	1	1	-0.688182	1	
84	1	4	1	3527.02	3527.02	1	1	-0.240163	1	
85	1	4	1	3529.86	3529.86	1	1	-0.481816	1	
86	1	4	1	3533.8	3533.8	1	1	-0.621599	1	
192	1	4	1	5297.48	5297.48	1	1	-0.33315	1	
193	1	4	1	5369.03	5369.03	1	1	-0.32718	1	
194	1	4	1	5381.54	5381.54	1	1	-0.423979	1	
40	1	4	1	2705.12	2705.12	1	1	-0.886757	1	
41	1	4	1	2709.82	2709.82	1	1	-0.887913	1	
99	1	4	1	3751.63	3751.63	1	1	-0.44247	1	
100	1	4	1	3808.14	3808.14	1	1	-0.863025	1	
101	1	4	1	3819.51	3819.51	1	1	-0.85738	1	
63	1	4	1	3165.48	3165.48	1	1	-0.465656	1	
95	1	4	1	3691.98	3691.98	1	1	-1.08774	1	
64	1	4	1	3171.86	3171.86	1	1	-0.195056	1	
65	1	4	1	3175.8	3175.8	1	1	-0.504515	1	
11	1	4	1	2084.11	2084.11	1	1	-0.58514	1	
12	1	4	1	2120.86	2120.86	1	1	-0.549718	1	
116	1	4	1	4028.97	4028.97	1	1	-1.17224	1	
117	1	4	1	4029.35	4029.35	1	1	-0.86796	1	
118	1	4	1	4037.67	4037.67	1	1	-1.11627	1	
146	1	4	1	4457.86	4457.86	1	1	-0.898062	1	
147	1	4	1	4474.22	4474.22	1	1	-0.774644	1	
148	1	4	1	4528.82	4528.82	1	1	-0.768503	1	
149	1	4	1	4530.5	4530.5	1	1	-1.02298	1	
105	1	4	1	3870.04	3870.04	1	1	-0.652253	1	
106	1	4	1	3871.09	3871.09	1	1	-0.508983	1	
107	1	4	1	3884.39	3884.39	1	1	-0.852059	1	
157	1	4	1	4659.79	4659.79	1	1	-0.724119	1	
158	1	4	1	4690.2	4690.2	1	1	-0.572689	1	
159	1	4	1	4713.34	4713.34	1	1	-0.510665	1	
15	1	4	1	2245.97	2245.97	1	1	-0.713173	1	
130	1	4	1	4208.76	4208.76	1	1	-0.614486	1	
131	1	4	1	4213.08	4213.08	1	1	-0.0761558	1	
132	1	4	1	4221.95	4221.95	1	1	-0.298694	1	
9	1	4	1	2061.54	2061.54	1	1	-0.656465	1	
10	1	4	1	2071.36	2071.36	1	1	-0.88369	1	
61	1	4	1	3149.35	3149.35	1	1	-0.315203	1	
62	1	4	1	3153.29	3153.29	1	1	-0.620641	1	
82	1	4	1	3475.15	3475.15	1	1	-0.500046	1	
83	1	4	1	3514.48	3514.48	1	1	-0.635306	1	
27	1	4	1	2445.75	2445.75	1	1	-0.344362	1	
28	1	4	1	2448.33	2448.33	1	1	-0.926505	1	
59	1	4	1	3116.56	3116.56	1	1	-0.562648	1	
60	1	4	1	3124.26	3124.26	1	1	-0.681738	1	
36	1	4	1	2615.28	2615.28	1	1	-1.32632	1	
37	1	4	1	2632.24	2632.24	1	1	-0.581227	1	
184	1	4	1	5195.13	5195.13	1	1	-0.753938	1	
185	1	4	1	5211.24	5211.24	1	1	-0.71822	1	
186	1	4	1	5240.04	5240.04	1	1	-0.495504	1	
187	1	4	1	5249.09	5249.09	1	1	-0.421115	1	
52	1	4	1	2983.37	2983.37	1	1	-1.08049	1	
53	1	4	1	3002.67	3002.67	1	1	-1.07113	1	
54	1	4	1	3017.85	3017.85	1	1	-0.495029	1	
128	1	4	1	4188.04	4188.04	1	1	-0.970418	1	
129	1	4	1	4208.69	4208.69	1	1	-0.639307	1	
70	1	4	1	3240.12	3240.12	1	1	-0.0303591	1	
71	1	4	1	3282.8	3282.8	1	1	-0.621307	1	
29	1	4	1	2449.7	2449.7	1	1	-0.628978	1	
30	1	4	1	2465.85	2465.85	1	1	-0.552173	1	
31	1	4	1	2473.08	2473.08	1	1	-0.445102	1	
32	1	4	1	2551.31	2551.31	1	1	-1.31497	1	
94	1	4	1	3676.35	3676.35	1	1	-0.787893	1	
142	1	4	1	4374.77	4374.77	1	1	-0.633935	1	
96	1	4	1	3706.22	3706.22	1	1	-0.895147	1	
137	1	4	1	4247.36	4247.36	1	1	-0.757803	1	
138	1	4	1	4256.55	4256.55	1	1	-0.734445	1	
139	1	4	1	4316.78	4316.78	1	1	-1.3557	1	
75	1	4	1	3317.89	3317.89	1	1	-0.617721	1	
76	1	4	1	3324.42	3324.42	1	1	-0.837937	1	
188	1	4	1	5260.86	5260.86	1	1	-0.343074	1	
189	1	4	1	5261.33	5261.33	1	1	-0.251097	1	
190	1	4	1	5269.01	5269.01	1	1	-0.428462	1	
191	1	4	1	5269.58	5269.58	1	1	-0.590864	1	
23	1	4	1	2402.06	2402.06	1	1	-0.921805	1	
24	1	4	1	2435.26	2435.26	1	1	-0.395454	1	
97	1	4	1	3721.46	3721.46	1	1	-0.562486	1	
98	1	4	1	3751.41	3751.41	1	1	-0.80757	1	
140	1	4	1	4319.23	4319.23	1	1	-0.840175	1	
141	1	4	1	4354.44	4354.44	1	1	-0.850117	1	
77	1	4	1	3335.72	3335.72	1	1	-0.703864	1	
78	1	4	1	3359.9	3359.9	1	1	-0.468899	1	
79	1	4	1	3371.77	3371.77	1	1	-0.620925	1	
122	1	4	1	4115.61	4115.61	1	1	-0.984388	1	
123	1	4	1	4127.86	4127.86	1	1	-0.395733	1	
124	1	4	1	4128.63	4128.63	1	1	-0.669511	1	
