0	1	4	1802.02	0	347.977	0	1501.1	1426.04	3651.1	{1	1	4	4	}	{	103	}
1	1	4	1831.38	0	318.618	0	1501.1	1426.04	3651.1	{1	1	4	4	}	{	103	}
2	1	4	1837.75	0	312.251	0	1501.1	1426.04	3651.1	{1	1	4	4	}	{	103	}
3	1	4	1844.81	0	305.193	0	1501.1	1426.04	3651.1	{1	1	4	4	}	{	103	}
4	1	4	1854.36	0	295.644	0	1501.1	1426.04	3651.1	{1	1	4	4	}	{	103	}
5	1	4	1901.24	0	248.757	0	1501.1	1426.04	3651.1	{1	1	4	4	}	{	103	}
6	1	4	1901.73	0	248.269	0	1501.1	1426.04	3651.1	{1	1	4	4	}	{	103	}
7	1	4	1909.89	0	240.107	0	1501.1	1426.04	3651.1	{1	1	4	4	}	{	103	}
8	1	4	1916.84	0	233.165	0	1501.1	1426.04	3651.1	{1	1	4	4	}	{	103	}
9	1	4	1926.98	0	223.018	0	1501.1	1426.04	3651.1	{1	1	4	4	}	{	103	}
10	1	4	1936.11	0	213.887	0	1501.1	1426.04	3651.1	{1	1	4	4	}	{	103	}
11	1	4	1947.7	0	202.296	0	1501.1	1426.04	3651.1	{1	1	4	4	}	{	103	}
12	1	4	1976.16	0	173.841	0	1501.1	1426.04	3651.1	{1	1	4	4	}	{	103	}
13	1	4	1993.4	0	156.6	0	1501.1	1426.04	3651.1	{1	1	4	4	}	{	103	}
14	1	4	2030.24	0	119.761	0	1501.1	1426.04	3651.1	{1	1	4	4	}	{	103	}
15	1	4	2048.62	0	101.382	0	1501.1	1426.04	3651.1	{1	1	4	4	}	{	103	}
16	1	4	2057.67	0	92.3255	0	1501.1	1426.04	3651.1	{1	1	4	4	}	{	103	}
17	1	4	2058.46	0	91.5386	0	1501.1	1426.04	3651.1	{1	1	4	4	}	{	103	}
18	1	4	2115.77	0	34.2337	0	1501.1	1426.04	3651.1	{1	1	4	4	}	{	103	}
19	1	4	2149.18	0	0.822658	0	1501.1	1426.04	3651.1	{1	1	4	4	}	{	103	}
20	1	4	2169.12	0	340.875	0	1501.1	1426.04	4011.1	{1	1	4	4	}	{	104	}
21	1	4	2173.03	0	336.965	0	1501.1	1426.04	4011.1	{1	1	4	4	}	{	104	}
22	1	4	2203.13	0	306.866	0	1501.1	1426.04	4011.1	{1	1	4	4	}	{	104	}
23	1	4	2228.21	0	281.785	0	1501.1	1426.04	4011.1	{1	1	4	4	}	{	104	}
24	1	4	2237.18	0	272.816	0	1501.1	1426.04	4011.1	{1	1	4	4	}	{	104	}
25	1	4	2244.81	0	265.19	0	1501.1	1426.04	4011.1	{1	1	4	4	}	{	104	}
26	1	4	2260.39	0	249.61	0	1501.1	1426.04	4011.1	{1	1	4	4	}	{	104	}
27	1	4	2265.08	0	244.918	0	1501.1	1426.04	4011.1	{1	1	4	4	}	{	104	}
28	1	4	2273.66	0	236.345	0	1501.1	1426.04	4011.1	{1	1	4	4	}	{	104	}
29	1	4	2285.54	0	224.464	0	1501.1	1426.04	4011.1	{1	1	4	4	}	{	104	}
30	1	4	2325.68	0	184.322	0	1501.1	1426.04	4011.1	{1	1	4	4	}	{	104	}
31	1	4	2393.95	0	116.054	0	1501.1	1426.04	4011.1	{1	1	4	4	}	{	104	}
32	1	4	2398.07	0	111.934	0	1501.1	1426.04	4011.1	{1	1	4	4	}	{	104	}
33	1	4	2415.91	0	94.0948	0	1501.1	1426.04	4011.1	{1	1	4	4	}	{	104	}
34	1	4	2423.09	0	86.9081	0	1501.1	1426.04	4011.1	{1	1	4	4	}	{	104	}
35	1	4	2485.82	0	24.1803	0	1501.1	1426.04	4011.1	{1	1	4	4	}	{	104	}
36	1	4	2488.35	0	21.6476	0	1501.1	1426.04	4011.1	{1	1	4	4	}	{	104	}
37	1	4	2512.38	0	357.62	0	1501.1	1426.05	4371.1	{1	1	4	4	}	{	105	}
38	1	4	2516.25	0	353.755	0	1501.1	1426.05	4371.1	{1	1	4	4	}	{	105	}
39	1	4	2537.84	0	332.157	0	1501.1	1426.05	4371.1	{1	1	4	4	}	{	105	}
40	1	4	2553.78	0	316.217	0	1501.1	1426.05	4371.1	{1	1	4	4	}	{	105	}
41	1	4	2562.64	0	307.358	0	1501.1	1426.05	4371.1	{1	1	4	4	}	{	105	}
42	1	4	2578.14	0	291.857	0	1501.1	1426.05	4371.1	{1	1	4	4	}	{	105	}
43	1	4	2603.91	0	266.087	0	1501.1	1426.05	4371.1	{1	1	4	4	}	{	105	}
44	1	4	2650.25	0	219.748	0	1501.1	1426.05	4371.1	{1	1	4	4	}	{	105	}
45	1	4	2676.5	0	193.501	0	1501.1	1426.05	4371.1	{1	1	4	4	}	{	105	}
46	1	4	2706.79	0	163.213	0	1501.1	1426.05	4371.1	{1	1	4	4	}	{	105	}
47	1	4	2727.44	0	142.56	0	1501.1	1426.05	4371.1	{1	1	4	4	}	{	105	}
48	1	4	2759.28	0	110.719	0	1501.1	1426.05	4371.1	{1	1	4	4	}	{	105	}
49	1	4	2835.87	0	34.1287	0	1501.1	1426.05	4371.1	{1	1	4	4	}	{	105	}
50	1	4	2876.39	0	353.609	0	1501.1	1426.05	4731.1	{1	1	4	4	}	{	106	}
51	1	4	2935.33	0	294.667	0	1501.1	1426.05	4731.1	{1	1	4	4	}	{	106	}
52	1	4	2958.66	0	271.344	0	1501.1	1426.05	4731.1	{1	1	4	4	}	{	106	}
53	1	4	2962.38	0	267.624	0	1501.1	1426.05	4731.1	{1	1	4	4	}	{	106	}
54	1	4	2976.52	0	253.481	0	1501.1	1426.05	4731.1	{1	1	4	4	}	{	106	}
55	1	4	2979.83	0	250.166	0	1501.1	1426.05	4731.1	{1	1	4	4	}	{	106	}
56	1	4	3000.09	0	229.908	0	1501.1	1426.05	4731.1	{1	1	4	4	}	{	106	}
57	1	4	3014.88	0	215.116	0	1501.1	1426.05	4731.1	{1	1	4	4	}	{	106	}
58	1	4	3046.61	0	183.393	0	1501.1	1426.05	4731.1	{1	1	4	4	}	{	106	}
59	1	4	3047.87	0	182.131	0	1501.1	1426.05	4731.1	{1	1	4	4	}	{	106	}
60	1	4	3058.75	0	171.254	0	1501.1	1426.05	4731.1	{1	1	4	4	}	{	106	}
61	1	4	3077.65	0	152.346	0	1501.1	1426.05	4731.1	{1	1	4	4	}	{	106	}
62	1	4	3080.9	0	149.1	0	1501.1	1426.05	4731.1	{1	1	4	4	}	{	106	}
63	1	4	3086.34	0	143.657	0	1501.1	1426.05	4731.1	{1	1	4	4	}	{	106	}
64	1	4	3090.87	0	139.126	0	1501.1	1426.05	4731.1	{1	1	4	4	}	{	106	}
65	1	4	3150.77	0	79.232	0	1501.1	1426.05	4731.1	{1	1	4	4	}	{	106	}
66	1	4	3178.07	0	51.9255	0	1501.1	1426.05	4731.1	{1	1	4	4	}	{	106	}
67	1	4	3180.45	0	49.5526	0	1501.1	1426.05	4731.1	{1	1	4	4	}	{	106	}
68	1	4	3214.03	0	15.9689	0	1501.1	1426.05	4731.1	{1	1	4	4	}	{	106	}
69	1	4	3233.9	0	356.097	0	1501.1	1426.05	5091.1	{1	1	4	4	}	{	107	}
70	1	4	3267.74	0	322.256	0	1501.1	1426.05	5091.1	{1	1	4	4	}	{	107	}
71	1	4	3290.27	0	299.734	0	1501.1	1426.05	5091.1	{1	1	4	4	}	{	107	}
72	1	4	3292.35	0	297.646	0	1501.1	1426.05	5091.1	{1	1	4	4	}	{	107	}
73	1	4	3358.29	0	231.711	0	1501.1	1426.05	5091.1	{1	1	4	4	}	{	107	}
74	1	4	3378.25	0	211.755	0	1501.1	1426.05	5091.1	{1	1	4	4	}	{	107	}
75	1	4	3409.84	0	180.165	0	1501.1	1426.05	5091.1	{1	1	4	4	}	{	107	}
76	1	4	3423.79	0	166.207	0	1501.1	1426.05	5091.1	{1	1	4	4	}	{	107	}
77	1	4	3440.13	0	149.874	0	1501.1	1426.05	5091.1	{1	1	4	4	}	{	107	}
78	1	4	3456.75	0	133.25	0	1501.1	1426.05	5091.1	{1	1	4	4	}	{	107	}
79	1	4	3468.28	0	121.719	0	1501.1	1426.05	5091.1	{1	1	4	4	}	{	107	}
80	1	4	3472.04	0	117.956	0	1501.1	1426.05	5091.1	{1	1	4	4	}	{	107	}
81	1	4	3515.62	0	74.3835	0	1501.1	1426.05	5091.1	{1	1	4	4	}	{	107	}
82	1	4	3531.02	0	58.9849	0	1501.1	1426.05	5091.1	{1	1	4	4	}	{	107	}
83	1	4	3589.83	0	0.170826	0	1501.1	1426.05	5091.1	{1	1	4	4	}	{	107	}
0	1	4	1807.18	0	342.816	0	1501.1	1426.04	3651.1	{1	1	4	4	}	{	103	}
1	1	4	1835.71	0	314.289	0	1501.1	1426.04	3651.1	{1	1	4	4	}	{	103	}
2	1	4	1882.38	0	925.619	0	1324.1	1257.9	4132.1	{1	1	2	2	4	4	}	{	203	303	}
3	1	4	1907.13	0	242.868	0	1501.1	1426.04	3651.1	{1	1	4	4	}	{	103	}
4	1	4	1940.83	0	209.169	0	1501.1	1426.04	3651.1	{1	1	4	4	}	{	103	}
5	1	4	1956.5	0	193.499	0	1501.1	1426.04	3651.1	{1	1	4	4	}	{	103	}
6	1	4	1976.97	0	173.026	0	1501.1	1426.04	3651.1	{1	1	4	4	}	{	103	}
7	1	4	1982.35	0	167.646	0	1501.1	1426.04	3651.1	{1	1	4	4	}	{	103	}
8	1	4	1987.19	0	820.81	0	1324.1	1257.9	4132.1	{1	1	2	2	4	4	}	{	203	303	}
9	1	4	2060.45	0	89.5492	0	1501.1	1426.04	3651.1	{1	1	4	4	}	{	103	}
10	1	4	2082.95	0	725.052	0	1324.1	1257.9	4132.1	{1	1	2	2	4	4	}	{	203	303	}
11	1	4	2083.5	0	66.5014	0	1501.1	1426.04	3651.1	{1	1	4	4	}	{	103	}
12	1	4	2129.26	0	20.7392	0	1501.1	1426.04	3651.1	{1	1	4	4	}	{	103	}
13	1	4	2192.68	0	317.321	0	1501.1	1426.04	4011.1	{1	1	4	4	}	{	104	}
14	1	4	2224.1	0	285.902	0	1501.1	1426.04	4011.1	{1	1	4	4	}	{	104	}
15	1	4	2272.47	0	237.534	0	1501.1	1426.04	4011.1	{1	1	4	4	}	{	104	}
16	1	4	2299.72	0	210.282	0	1501.1	1426.04	4011.1	{1	1	4	4	}	{	104	}
17	1	4	2300.33	0	209.669	0	1501.1	1426.04	4011.1	{1	1	4	4	}	{	104	}
18	1	4	2315.32	0	194.682	0	1501.1	1426.04	4011.1	{1	1	4	4	}	{	104	}
19	1	4	2350.45	0	159.549	0	1501.1	1426.04	4011.1	{1	1	4	4	}	{	104	}
20	1	4	2351.98	0	158.024	0	1501.1	1426.04	4011.1	{1	1	4	4	}	{	104	}
21	1	4	2391.83	0	118.173	0	1501.1	1426.04	4011.1	{1	1	4	4	}	{	104	}
22	1	4	2409.65	0	100.354	0	1501.1	1426.04	4011.1	{1	1	4	4	}	{	104	}
23	1	4	2428.2	0	81.7974	0	1501.1	1426.04	4011.1	{1	1	4	4	}	{	104	}
24	1	4	2452.51	0	57.492	0	1501.1	1426.04	4011.1	{1	1	4	4	}	{	104	}
25	1	4	2502.69	0	7.30886	0	1501.1	1426.04	4011.1	{1	1	4	4	}	{	104	}
26	1	4	2503.86	0	6.13953	0	1501.1	1426.04	4011.1	{1	1	4	4	}	{	104	}
27	1	4	2506.59	0	3.40688	0	1501.1	1426.04	4011.1	{1	1	4	4	}	{	104	}
28	1	4	2507.56	0	2.4406	0	1501.1	1426.04	4011.1	{1	1	4	4	}	{	104	}
29	1	4	2570.89	0	299.106	0	1501.1	1426.05	4371.1	{1	1	4	4	}	{	105	}
30	1	4	2575.24	0	1132.76	0	1324.1	1257.9	5032.1	{1	1	2	2	4	4	}	{	205	304	}
31	1	4	2575.94	0	294.058	0	1501.1	1426.05	4371.1	{1	1	4	4	}	{	105	}
32	1	4	2636.4	0	233.6	0	1501.1	1426.05	4371.1	{1	1	4	4	}	{	105	}
33	1	4	2641.36	0	228.641	0	1501.1	1426.05	4371.1	{1	1	4	4	}	{	105	}
34	1	4	2643.53	0	226.471	0	1501.1	1426.05	4371.1	{1	1	4	4	}	{	105	}
35	1	4	2647.53	0	222.473	0	1501.1	1426.05	4371.1	{1	1	4	4	}	{	105	}
36	1	4	2661.57	0	208.434	0	1501.1	1426.05	4371.1	{1	1	4	4	}	{	105	}
37	1	4	2680.14	0	189.859	0	1501.1	1426.05	4371.1	{1	1	4	4	}	{	105	}
38	1	4	2686.46	0	183.539	0	1501.1	1426.05	4371.1	{1	1	4	4	}	{	105	}
39	1	4	2690.39	0	1017.61	0	1324.1	1257.9	5032.1	{1	1	2	2	4	4	}	{	205	304	}
40	1	4	2724.1	0	145.899	0	1501.1	1426.05	4371.1	{1	1	4	4	}	{	105	}
41	1	4	2743.34	0	964.658	0	1324.1	1257.9	5032.1	{1	1	2	2	4	4	}	{	205	304	}
42	1	4	2755.38	0	114.624	0	1501.1	1426.05	4371.1	{1	1	4	4	}	{	105	}
43	1	4	2767.58	0	940.416	0	1324.1	1257.9	5032.1	{1	1	2	2	4	4	}	{	205	304	}
44	1	4	2798.27	0	71.7332	0	1501.1	1426.05	4371.1	{1	1	4	4	}	{	105	}
45	1	4	2802.09	0	67.9076	0	1501.1	1426.05	4371.1	{1	1	4	4	}	{	105	}
46	1	4	2811.82	0	58.1789	0	1501.1	1426.05	4371.1	{1	1	4	4	}	{	105	}
47	1	4	2834.86	0	35.1416	0	1501.1	1426.05	4371.1	{1	1	4	4	}	{	105	}
48	1	4	2866.98	0	3.01849	0	1501.1	1426.05	4371.1	{1	1	4	4	}	{	105	}
49	1	4	2870.4	0	837.603	0	1324.1	1257.9	5032.1	{1	1	2	2	4	4	}	{	206	304	}
50	1	4	2878.16	0	468.836	0	964.1	915.895	4311.1	{1	1	3	3	4	4	}	{	206	416	}
51	1	4	2887.07	0	820.93	0	1324.1	1257.9	5032.1	{1	1	2	2	4	4	}	{	206	304	}
52	1	4	2892.88	0	815.119	0	1324.1	1257.9	5032.1	{1	1	2	2	4	4	}	{	206	304	}
53	1	4	2896.63	0	811.366	0	1324.1	1257.9	5032.1	{1	1	2	2	4	4	}	{	206	304	}
54	1	4	2897.5	0	810.496	0	1324.1	1257.9	5032.1	{1	1	2	2	4	4	}	{	206	304	}
55	1	4	2918.79	0	311.213	0	1501.1	1426.05	4731.1	{1	1	4	4	}	{	106	}
56	1	4	2921.2	0	308.797	0	1501.1	1426.05	4731.1	{1	1	4	4	}	{	106	}
57	1	4	2921.21	0	308.791	0	1501.1	1426.05	4731.1	{1	1	4	4	}	{	106	}
58	1	4	2931.4	0	776.599	0	1324.1	1257.9	5032.1	{1	1	2	2	4	4	}	{	206	304	}
59	1	4	2942.55	0	287.449	0	1501.1	1426.05	4731.1	{1	1	4	4	}	{	106	}
60	1	4	2946.89	0	283.114	0	1501.1	1426.05	4731.1	{1	1	4	4	}	{	106	}
61	1	4	2948.28	0	759.722	0	1324.1	1257.9	5032.1	{1	1	2	2	4	4	}	{	206	304	}
62	1	4	2952.48	0	277.52	0	1501.1	1426.05	4731.1	{1	1	4	4	}	{	106	}
63	1	4	2967.65	0	740.347	0	1324.1	1257.9	5032.1	{1	1	2	2	4	4	}	{	206	304	}
64	1	4	3045.01	0	662.985	0	1324.1	1257.9	5032.1	{1	1	2	2	4	4	}	{	206	304	}
65	1	4	3063.61	0	644.388	0	1324.1	1257.9	5032.1	{1	1	2	2	4	4	}	{	206	304	}
66	1	4	3129.88	0	578.12	0	1324.1	1257.9	5032.1	{1	1	2	2	4	4	}	{	206	304	}
67	1	4	3136.73	0	571.268	0	1324.1	1257.9	5032.1	{1	1	2	2	4	4	}	{	206	304	}
68	1	4	3144.76	0	563.242	0	1324.1	1257.9	5032.1	{1	1	2	2	4	4	}	{	206	304	}
69	1	4	3166.12	0	541.883	0	1324.1	1257.9	5032.1	{1	1	2	2	4	4	}	{	206	304	}
70	1	4	3179.5	0	50.5001	0	1501.1	1426.05	4731.1	{1	1	4	4	}	{	106	}
71	1	4	3212.99	0	17.0054	0	1501.1	1426.05	4731.1	{1	1	4	4	}	{	106	}
72	1	4	3233.33	0	356.669	0	1501.1	1426.05	5091.1	{1	1	4	4	}	{	107	}
73	1	4	3242.27	0	347.73	0	1501.1	1426.05	5091.1	{1	1	4	4	}	{	107	}
74	1	4	3297.8	0	292.2	0	1501.1	1426.05	5091.1	{1	1	4	4	}	{	107	}
75	1	4	3313.77	0	276.229	0	1501.1	1426.05	5091.1	{1	1	4	4	}	{	107	}
76	1	4	3337.4	0	252.603	0	1501.1	1426.05	5091.1	{1	1	4	4	}	{	107	}
77	1	4	3347.75	0	242.255	0	1501.1	1426.05	5091.1	{1	1	4	4	}	{	107	}
78	1	4	3384.17	0	205.826	0	1501.1	1426.05	5091.1	{1	1	4	4	}	{	107	}
79	1	4	3425.84	0	164.164	0	1501.1	1426.05	5091.1	{1	1	4	4	}	{	107	}
80	1	4	3434.71	0	155.286	0	1501.1	1426.05	5091.1	{1	1	4	4	}	{	107	}
81	1	4	3463.79	0	126.214	0	1501.1	1426.05	5091.1	{1	1	4	4	}	{	107	}
82	1	4	3468.51	0	121.491	0	1501.1	1426.05	5091.1	{1	1	4	4	}	{	107	}
83	1	4	3468.69	0	121.306	0	1501.1	1426.05	5091.1	{1	1	4	4	}	{	107	}
84	1	4	3477.93	0	112.07	0	1501.1	1426.05	5091.1	{1	1	4	4	}	{	107	}
85	1	4	3490.27	0	99.7254	0	1501.1	1426.05	5091.1	{1	1	4	4	}	{	107	}
86	1	4	3496.15	0	93.8469	0	1501.1	1426.05	5091.1	{1	1	4	4	}	{	107	}
87	1	4	3497.12	0	210.883	0	1324.1	1257.9	5032.1	{1	1	2	2	4	4	}	{	207	304	}
88	1	4	3502.63	0	87.3721	0	1501.1	1426.05	5091.1	{1	1	4	4	}	{	107	}
89	1	4	3512.79	0	77.2108	0	1501.1	1426.05	5091.1	{1	1	4	4	}	{	107	}
90	1	4	3523.32	0	66.6798	0	1501.1	1426.05	5091.1	{1	1	4	4	}	{	107	}
91	1	4	3531.61	0	58.3908	0	1501.1	1426.05	5091.1	{1	1	4	4	}	{	107	}
92	1	4	3546.02	0	43.976	0	1501.1	1426.05	5091.1	{1	1	4	4	}	{	107	}
93	1	4	3551.04	0	38.9562	0	1501.1	1426.05	5091.1	{1	1	4	4	}	{	107	}
94	1	4	3571.66	0	18.3399	0	1501.1	1426.05	5091.1	{1	1	4	4	}	{	107	}
95	1	4	3579.86	0	128.137	0	1324.1	1257.9	5032.1	{1	1	2	2	4	4	}	{	207	304	}
107	1	4	3798.43	0	268.566	0	964.1	915.895	5031.1	{1	1	3	3	4	4	}	{	208	420	}
0	1	4	1929.61	0	220.388	0	1501.1	1426.04	3651.1	{1	1	4	4	}	{	103	}
1	1	4	2007.17	0	142.833	0	1501.1	1426.04	3651.1	{1	1	4	4	}	{	103	}
2	1	4	2025.86	0	241.141	0	964.1	915.895	3231.1	{1	1	3	3	4	4	}	{	203	410	}
3	1	4	2038.25	0	228.747	0	964.1	915.895	3231.1	{1	1	3	3	4	4	}	{	203	410	}
4	1	4	2039.21	0	110.789	0	1501.1	1426.04	3651.1	{1	1	4	4	}	{	103	}
5	1	4	2047.84	0	219.158	0	964.1	915.895	3231.1	{1	1	3	3	4	4	}	{	203	410	}
6	1	4	2095.19	0	171.807	0	964.1	915.895	3231.1	{1	1	3	3	4	4	}	{	203	410	}
7	1	4	2116.79	0	150.21	0	964.1	915.895	3231.1	{1	1	3	3	4	4	}	{	203	410	}
8	1	4	2123.18	0	143.823	0	964.1	915.895	3231.1	{1	1	3	3	4	4	}	{	203	410	}
9	1	4	2163.21	0	346.794	0	1501.1	1426.04	4011.1	{1	1	4	4	}	{	104	}
10	1	4	2172.37	0	337.627	0	1501.1	1426.04	4011.1	{1	1	4	4	}	{	104	}
11	1	4	2179.84	0	628.164	0	1324.1	1257.9	4132.1	{1	1	2	2	4	4	}	{	204	303	}
12	1	4	2197.68	0	312.319	0	1501.1	1426.04	4011.1	{1	1	4	4	}	{	104	}
13	1	4	2215.73	0	294.269	0	1501.1	1426.04	4011.1	{1	1	4	4	}	{	104	}
14	1	4	2225.07	0	401.931	0	964.1	915.895	3591.1	{1	1	3	3	4	4	}	{	204	412	}
15	1	4	2226.39	0	283.61	0	1501.1	1426.04	4011.1	{1	1	4	4	}	{	104	}
16	1	4	2226.59	0	283.41	0	1501.1	1426.04	4011.1	{1	1	4	4	}	{	104	}
17	1	4	2234.01	0	275.99	0	1501.1	1426.04	4011.1	{1	1	4	4	}	{	104	}
18	1	4	2242.76	0	267.24	0	1501.1	1426.04	4011.1	{1	1	4	4	}	{	104	}
19	1	4	2244.11	0	382.888	0	964.1	915.895	3591.1	{1	1	3	3	4	4	}	{	204	412	}
20	1	4	2249.03	0	260.967	0	1501.1	1426.04	4011.1	{1	1	4	4	}	{	104	}
21	1	4	2286.37	0	223.634	0	1501.1	1426.04	4011.1	{1	1	4	4	}	{	104	}
22	1	4	2301.63	0	208.374	0	1501.1	1426.04	4011.1	{1	1	4	4	}	{	104	}
23	1	4	2322.44	0	304.56	0	964.1	915.895	3591.1	{1	1	3	3	4	4	}	{	204	412	}
24	1	4	2343.13	0	166.874	0	1501.1	1426.04	4011.1	{1	1	4	4	}	{	104	}
25	1	4	2365.66	0	144.338	0	1501.1	1426.04	4011.1	{1	1	4	4	}	{	104	}
26	1	4	2376.75	0	133.246	0	1501.1	1426.04	4011.1	{1	1	4	4	}	{	104	}
27	1	4	2377.58	0	132.419	0	1501.1	1426.04	4011.1	{1	1	4	4	}	{	104	}
28	1	4	2383.57	0	126.432	0	1501.1	1426.04	4011.1	{1	1	4	4	}	{	104	}
29	1	4	2408.46	0	101.538	0	1501.1	1426.04	4011.1	{1	1	4	4	}	{	104	}
30	1	4	2418.23	0	208.773	0	964.1	915.895	3591.1	{1	1	3	3	4	4	}	{	204	412	}
31	1	4	2431.94	0	78.0557	0	1501.1	1426.04	4011.1	{1	1	4	4	}	{	104	}
32	1	4	2438.62	0	71.3754	0	1501.1	1426.04	4011.1	{1	1	4	4	}	{	104	}
33	1	4	2442.34	0	365.655	0	1324.1	1257.9	4132.1	{1	1	2	2	4	4	}	{	204	303	}
34	1	4	2456.67	0	170.327	0	964.1	915.895	3591.1	{1	1	3	3	4	4	}	{	204	412	}
35	1	4	2478.48	0	148.524	0	964.1	915.895	3591.1	{1	1	3	3	4	4	}	{	204	412	}
36	1	4	2500.53	0	307.474	0	1324.1	1257.9	4132.1	{1	1	2	2	4	4	}	{	204	303	}
37	1	4	2500.9	0	9.10172	0	1501.1	1426.04	4011.1	{1	1	4	4	}	{	104	}
38	1	4	2583.24	0	286.757	0	1501.1	1426.05	4371.1	{1	1	4	4	}	{	105	}
39	1	4	2591.28	0	278.715	0	1501.1	1426.05	4371.1	{1	1	4	4	}	{	105	}
40	1	4	2592.35	0	277.651	0	1501.1	1426.05	4371.1	{1	1	4	4	}	{	105	}
41	1	4	2610.26	0	376.739	0	964.1	915.895	3951.1	{1	1	3	3	4	4	}	{	205	414	}
42	1	4	2614.02	0	255.98	0	1501.1	1426.05	4371.1	{1	1	4	4	}	{	105	}
43	1	4	2634.27	0	235.726	0	1501.1	1426.05	4371.1	{1	1	4	4	}	{	105	}
44	1	4	2645.06	0	224.937	0	1501.1	1426.05	4371.1	{1	1	4	4	}	{	105	}
45	1	4	2672.28	0	314.725	0	964.1	915.895	3951.1	{1	1	3	3	4	4	}	{	205	414	}
46	1	4	2680.13	0	306.869	0	964.1	915.895	3951.1	{1	1	3	3	4	4	}	{	205	414	}
47	1	4	2693.19	0	293.81	0	964.1	915.895	3951.1	{1	1	3	3	4	4	}	{	205	414	}
48	1	4	2706.79	0	280.211	0	964.1	915.895	3951.1	{1	1	3	3	4	4	}	{	205	414	}
49	1	4	2711.75	0	158.253	0	1501.1	1426.05	4371.1	{1	1	4	4	}	{	105	}
50	1	4	2726.74	0	260.256	0	964.1	915.895	3951.1	{1	1	3	3	4	4	}	{	205	414	}
51	1	4	2734.06	0	252.935	0	964.1	915.895	3951.1	{1	1	3	3	4	4	}	{	205	414	}
52	1	4	2749.54	0	237.456	0	964.1	915.895	3951.1	{1	1	3	3	4	4	}	{	205	414	}
53	1	4	2754.53	0	115.466	0	1501.1	1426.05	4371.1	{1	1	4	4	}	{	105	}
54	1	4	2765.08	0	104.924	0	1501.1	1426.05	4371.1	{1	1	4	4	}	{	105	}
55	1	4	2789.61	0	197.391	0	964.1	915.895	3951.1	{1	1	3	3	4	4	}	{	205	414	}
56	1	4	2797.13	0	72.8713	0	1501.1	1426.05	4371.1	{1	1	4	4	}	{	105	}
57	1	4	2815.26	0	54.7361	0	1501.1	1426.05	4371.1	{1	1	4	4	}	{	105	}
58	1	4	2815.94	0	54.0633	0	1501.1	1426.05	4371.1	{1	1	4	4	}	{	105	}
59	1	4	2849.13	0	137.87	0	964.1	915.895	3951.1	{1	1	3	3	4	4	}	{	205	414	}
60	1	4	2901.96	0	328.038	0	1501.1	1426.05	4731.1	{1	1	4	4	}	{	106	}
61	1	4	2921.07	0	425.935	0	964.1	915.895	4311.1	{1	1	3	3	4	4	}	{	206	416	}
62	1	4	2937.59	0	292.412	0	1501.1	1426.05	4731.1	{1	1	4	4	}	{	106	}
63	1	4	2946.49	0	400.515	0	964.1	915.895	4311.1	{1	1	3	3	4	4	}	{	206	416	}
64	1	4	2965.38	0	264.618	0	1501.1	1426.05	4731.1	{1	1	4	4	}	{	106	}
65	1	4	2975.68	0	371.322	0	964.1	915.895	4311.1	{1	1	3	3	4	4	}	{	206	416	}
66	1	4	2990.48	0	356.521	0	964.1	915.895	4311.1	{1	1	3	3	4	4	}	{	206	416	}
67	1	4	3047.04	0	660.961	0	1324.1	1257.9	5032.1	{1	1	2	2	4	4	}	{	206	304	}
68	1	4	3052.56	0	655.441	0	1324.1	1257.9	5032.1	{1	1	2	2	4	4	}	{	206	304	}
69	1	4	3100.61	0	607.386	0	1324.1	1257.9	5032.1	{1	1	2	2	4	4	}	{	206	304	}
70	1	4	3105.4	0	124.597	0	1501.1	1426.05	4731.1	{1	1	4	4	}	{	106	}
71	1	4	3108.64	0	238.361	0	964.1	915.895	4311.1	{1	1	3	3	4	4	}	{	206	416	}
72	1	4	3121.99	0	586.011	0	1324.1	1257.9	5032.1	{1	1	2	2	4	4	}	{	206	304	}
73	1	4	3147.24	0	82.7636	0	1501.1	1426.05	4731.1	{1	1	4	4	}	{	106	}
74	1	4	3161.76	0	185.238	0	964.1	915.895	4311.1	{1	1	3	3	4	4	}	{	206	416	}
75	1	4	3236.49	0	353.513	0	1501.1	1426.05	5091.1	{1	1	4	4	}	{	107	}
76	1	4	3238.72	0	351.281	0	1501.1	1426.05	5091.1	{1	1	4	4	}	{	107	}
77	1	4	3256.25	0	333.746	0	1501.1	1426.05	5091.1	{1	1	4	4	}	{	107	}
78	1	4	3271.37	0	318.629	0	1501.1	1426.05	5091.1	{1	1	4	4	}	{	107	}
79	1	4	3289.58	0	300.416	0	1501.1	1426.05	5091.1	{1	1	4	4	}	{	107	}
80	1	4	3298.78	0	291.222	0	1501.1	1426.05	5091.1	{1	1	4	4	}	{	107	}
81	1	4	3324.08	0	265.917	0	1501.1	1426.05	5091.1	{1	1	4	4	}	{	107	}
82	1	4	3325.82	0	264.178	0	1501.1	1426.05	5091.1	{1	1	4	4	}	{	107	}
83	1	4	3339.15	0	250.851	0	1501.1	1426.05	5091.1	{1	1	4	4	}	{	107	}
84	1	4	3392.7	0	197.301	0	1501.1	1426.05	5091.1	{1	1	4	4	}	{	107	}
85	1	4	3437.23	0	269.766	0	964.1	915.895	4671.1	{1	1	3	3	4	4	}	{	207	418	}
86	1	4	3470.62	0	237.377	0	1324.1	1257.9	5032.1	{1	1	2	2	4	4	}	{	207	304	}
87	1	4	3480.5	0	109.497	0	1501.1	1426.05	5091.1	{1	1	4	4	}	{	107	}
88	1	4	3514.14	0	75.8608	0	1501.1	1426.05	5091.1	{1	1	4	4	}	{	107	}
89	1	4	3521.9	0	68.0975	0	1501.1	1426.05	5091.1	{1	1	4	4	}	{	107	}
90	1	4	3558.96	0	31.0417	0	1501.1	1426.05	5091.1	{1	1	4	4	}	{	107	}
91	1	4	3568.66	0	21.3403	0	1501.1	1426.05	5091.1	{1	1	4	4	}	{	107	}
0	1	4	1800.8	0	349.2	0	1501.1	1426.04	3651.1	{1	1	4	4	}	{	103	}
1	1	4	1830.94	0	319.065	0	1501.1	1426.04	3651.1	{1	1	4	4	}	{	103	}
2	1	4	1833.27	0	316.729	0	1501.1	1426.04	3651.1	{1	1	4	4	}	{	103	}
3	1	4	1852.24	0	297.764	0	1501.1	1426.04	3651.1	{1	1	4	4	}	{	103	}
4	1	4	1855.24	0	294.756	0	1501.1	1426.04	3651.1	{1	1	4	4	}	{	103	}
5	1	4	1869.45	0	280.553	0	1501.1	1426.04	3651.1	{1	1	4	4	}	{	103	}
6	1	4	1873.9	0	276.1	0	1501.1	1426.04	3651.1	{1	1	4	4	}	{	103	}
7	1	4	1878.07	0	271.93	0	1501.1	1426.04	3651.1	{1	1	4	4	}	{	103	}
8	1	4	1886.84	0	263.162	0	1501.1	1426.04	3651.1	{1	1	4	4	}	{	103	}
9	1	4	1922.19	0	227.813	0	1501.1	1426.04	3651.1	{1	1	4	4	}	{	103	}
10	1	4	1933.4	0	216.597	0	1501.1	1426.04	3651.1	{1	1	4	4	}	{	103	}
11	1	4	1939.68	0	210.316	0	1501.1	1426.04	3651.1	{1	1	4	4	}	{	103	}
12	1	4	1939.8	0	210.203	0	1501.1	1426.04	3651.1	{1	1	4	4	}	{	103	}
13	1	4	1957.98	0	192.024	0	1501.1	1426.04	3651.1	{1	1	4	4	}	{	103	}
14	1	4	1979.26	0	170.737	0	1501.1	1426.04	3651.1	{1	1	4	4	}	{	103	}
15	1	4	1996.74	0	153.263	0	1501.1	1426.04	3651.1	{1	1	4	4	}	{	103	}
16	1	4	2026.92	0	123.079	0	1501.1	1426.04	3651.1	{1	1	4	4	}	{	103	}
17	1	4	2031.09	0	118.911	0	1501.1	1426.04	3651.1	{1	1	4	4	}	{	103	}
18	1	4	2043.4	0	106.599	0	1501.1	1426.04	3651.1	{1	1	4	4	}	{	103	}
19	1	4	2054.62	0	95.3818	0	1501.1	1426.04	3651.1	{1	1	4	4	}	{	103	}
20	1	4	2069.85	0	80.1466	0	1501.1	1426.04	3651.1	{1	1	4	4	}	{	103	}
21	1	4	2114.02	0	35.9759	0	1501.1	1426.04	3651.1	{1	1	4	4	}	{	103	}
22	1	4	2148.04	0	1.96379	0	1501.1	1426.04	3651.1	{1	1	4	4	}	{	103	}
23	1	4	2157.42	0	352.578	0	1501.1	1426.04	4011.1	{1	1	4	4	}	{	104	}
24	1	4	2192.5	0	317.497	0	1501.1	1426.04	4011.1	{1	1	4	4	}	{	104	}
25	1	4	2194.51	0	315.49	0	1501.1	1426.04	4011.1	{1	1	4	4	}	{	104	}
26	1	4	2197.84	0	312.162	0	1501.1	1426.04	4011.1	{1	1	4	4	}	{	104	}
27	1	4	2289.21	0	220.789	0	1501.1	1426.04	4011.1	{1	1	4	4	}	{	104	}
28	1	4	2307.7	0	202.299	0	1501.1	1426.04	4011.1	{1	1	4	4	}	{	104	}
29	1	4	2349.09	0	160.915	0	1501.1	1426.04	4011.1	{1	1	4	4	}	{	104	}
30	1	4	2354.08	0	155.919	0	1501.1	1426.04	4011.1	{1	1	4	4	}	{	104	}
31	1	4	2386.24	0	123.757	0	1501.1	1426.04	4011.1	{1	1	4	4	}	{	104	}
32	1	4	2405.06	0	104.941	0	1501.1	1426.04	4011.1	{1	1	4	4	}	{	104	}
33	1	4	2412.49	0	97.5097	0	1501.1	1426.04	4011.1	{1	1	4	4	}	{	104	}
34	1	4	2428.17	0	81.8337	0	1501.1	1426.04	4011.1	{1	1	4	4	}	{	104	}
35	1	4	2458.34	0	51.6584	0	1501.1	1426.04	4011.1	{1	1	4	4	}	{	104	}
36	1	4	2461.4	0	48.5966	0	1501.1	1426.04	4011.1	{1	1	4	4	}	{	104	}
37	1	4	2473.82	0	36.1778	0	1501.1	1426.04	4011.1	{1	1	4	4	}	{	104	}
38	1	4	2497.92	0	12.081	0	1501.1	1426.04	4011.1	{1	1	4	4	}	{	104	}
39	1	4	2500.53	0	9.46997	0	1501.1	1426.04	4011.1	{1	1	4	4	}	{	104	}
40	1	4	2567.74	0	302.255	0	1501.1	1426.05	4371.1	{1	1	4	4	}	{	105	}
41	1	4	2586.58	0	283.416	0	1501.1	1426.05	4371.1	{1	1	4	4	}	{	105	}
42	1	4	2630.45	0	239.551	0	1501.1	1426.05	4371.1	{1	1	4	4	}	{	105	}
43	1	4	2653.76	0	216.241	0	1501.1	1426.05	4371.1	{1	1	4	4	}	{	105	}
44	1	4	2654.56	0	215.439	0	1501.1	1426.05	4371.1	{1	1	4	4	}	{	105	}
45	1	4	2673.99	0	196.013	0	1501.1	1426.05	4371.1	{1	1	4	4	}	{	105	}
46	1	4	2682.63	0	187.375	0	1501.1	1426.05	4371.1	{1	1	4	4	}	{	105	}
47	1	4	2753.79	0	116.209	0	1501.1	1426.05	4371.1	{1	1	4	4	}	{	105	}
48	1	4	2801.93	0	68.0668	0	1501.1	1426.05	4371.1	{1	1	4	4	}	{	105	}
49	1	4	2811.96	0	58.0404	0	1501.1	1426.05	4371.1	{1	1	4	4	}	{	105	}
50	1	4	2889.42	0	340.582	0	1501.1	1426.05	4731.1	{1	1	4	4	}	{	106	}
51	1	4	2892.63	0	337.367	0	1501.1	1426.05	4731.1	{1	1	4	4	}	{	106	}
52	1	4	2912.89	0	317.112	0	1501.1	1426.05	4731.1	{1	1	4	4	}	{	106	}
53	1	4	2919.22	0	310.775	0	1501.1	1426.05	4731.1	{1	1	4	4	}	{	106	}
54	1	4	2942.18	0	287.823	0	1501.1	1426.05	4731.1	{1	1	4	4	}	{	106	}
55	1	4	2953.1	0	276.9	0	1501.1	1426.05	4731.1	{1	1	4	4	}	{	106	}
56	1	4	2971.07	0	258.931	0	1501.1	1426.05	4731.1	{1	1	4	4	}	{	106	}
57	1	4	2989.42	0	240.581	0	1501.1	1426.05	4731.1	{1	1	4	4	}	{	106	}
58	1	4	3008.12	0	221.876	0	1501.1	1426.05	4731.1	{1	1	4	4	}	{	106	}
59	1	4	3010.75	0	219.254	0	1501.1	1426.05	4731.1	{1	1	4	4	}	{	106	}
60	1	4	3014.45	0	215.554	0	1501.1	1426.05	4731.1	{1	1	4	4	}	{	106	}
61	1	4	3019.91	0	210.094	0	1501.1	1426.05	4731.1	{1	1	4	4	}	{	106	}
62	1	4	3021.86	0	208.143	0	1501.1	1426.05	4731.1	{1	1	4	4	}	{	106	}
63	1	4	3028.4	0	201.596	0	1501.1	1426.05	4731.1	{1	1	4	4	}	{	106	}
64	1	4	3035.83	0	194.175	0	1501.1	1426.05	4731.1	{1	1	4	4	}	{	106	}
65	1	4	3065.66	0	164.345	0	1501.1	1426.05	4731.1	{1	1	4	4	}	{	106	}
66	1	4	3070.77	0	159.234	0	1501.1	1426.05	4731.1	{1	1	4	4	}	{	106	}
67	1	4	3073.16	0	156.843	0	1501.1	1426.05	4731.1	{1	1	4	4	}	{	106	}
68	1	4	3090.04	0	139.957	0	1501.1	1426.05	4731.1	{1	1	4	4	}	{	106	}
69	1	4	3100.28	0	129.716	0	1501.1	1426.05	4731.1	{1	1	4	4	}	{	106	}
70	1	4	3120.55	0	109.447	0	1501.1	1426.05	4731.1	{1	1	4	4	}	{	106	}
71	1	4	3129.77	0	100.233	0	1501.1	1426.05	4731.1	{1	1	4	4	}	{	106	}
72	1	4	3172.87	0	57.1307	0	1501.1	1426.05	4731.1	{1	1	4	4	}	{	106	}
73	1	4	3176.99	0	53.013	0	1501.1	1426.05	4731.1	{1	1	4	4	}	{	106	}
74	1	4	3192.62	0	37.3827	0	1501.1	1426.05	4731.1	{1	1	4	4	}	{	106	}
75	1	4	3203.63	0	26.3699	0	1501.1	1426.05	4731.1	{1	1	4	4	}	{	106	}
76	1	4	3220.34	0	9.65512	0	1501.1	1426.05	4731.1	{1	1	4	4	}	{	106	}
77	1	4	3249.53	0	340.47	0	1501.1	1426.05	5091.1	{1	1	4	4	}	{	107	}
78	1	4	3257.14	0	332.863	0	1501.1	1426.05	5091.1	{1	1	4	4	}	{	107	}
79	1	4	3279.46	0	310.538	0	1501.1	1426.05	5091.1	{1	1	4	4	}	{	107	}
80	1	4	3331.38	0	258.621	0	1501.1	1426.05	5091.1	{1	1	4	4	}	{	107	}
81	1	4	3372.54	0	217.464	0	1501.1	1426.05	5091.1	{1	1	4	4	}	{	107	}
82	1	4	3386.75	0	203.247	0	1501.1	1426.05	5091.1	{1	1	4	4	}	{	107	}
83	1	4	3392.49	0	197.512	0	1501.1	1426.05	5091.1	{1	1	4	4	}	{	107	}
84	1	4	3432.06	0	157.937	0	1501.1	1426.05	5091.1	{1	1	4	4	}	{	107	}
85	1	4	3490.15	0	99.8487	0	1501.1	1426.05	5091.1	{1	1	4	4	}	{	107	}
86	1	4	3491.5	0	98.4977	0	1501.1	1426.05	5091.1	{1	1	4	4	}	{	107	}
87	1	4	3500.13	0	89.8697	0	1501.1	1426.05	5091.1	{1	1	4	4	}	{	107	}
88	1	4	3529.83	0	60.1685	0	1501.1	1426.05	5091.1	{1	1	4	4	}	{	107	}
89	1	4	3533.16	0	56.8376	0	1501.1	1426.05	5091.1	{1	1	4	4	}	{	107	}
90	1	4	3564.94	0	25.0568	0	1501.1	1426.05	5091.1	{1	1	4	4	}	{	107	}
91	1	4	3579.89	0	10.1053	0	1501.1	1426.05	5091.1	{1	1	4	4	}	{	107	}
92	1	4	3579.97	0	10.0342	0	1501.1	1426.05	5091.1	{1	1	4	4	}	{	107	}
93	1	4	3581.36	0	8.64448	0	1501.1	1426.05	5091.1	{1	1	4	4	}	{	107	}
0	1	4	1834.04	0	315.961	0	1501.1	1426.04	3651.1	{1	1	4	4	}	{	103	}
1	1	4	1838.39	0	311.607	0	1501.1	1426.04	3651.1	{1	1	4	4	}	{	103	}
2	1	4	1866.99	0	283.013	0	1501.1	1426.04	3651.1	{1	1	4	4	}	{	103	}
3	1	4	1869.03	0	938.974	0	1324.1	1257.9	4132.1	{1	1	2	2	4	4	}	{	203	303	}
4	1	4	1876.59	0	273.413	0	1501.1	1426.04	3651.1	{1	1	4	4	}	{	103	}
5	1	4	1887.71	0	262.288	0	1501.1	1426.04	3651.1	{1	1	4	4	}	{	103	}
6	1	4	1890.82	0	259.182	0	1501.1	1426.04	3651.1	{1	1	4	4	}	{	103	}
7	1	4	1904.78	0	903.217	0	1324.1	1257.9	4132.1	{1	1	2	2	4	4	}	{	203	303	}
8	1	4	1970.34	0	837.658	0	1324.1	1257.9	4132.1	{1	1	2	2	4	4	}	{	203	303	}
9	1	4	1983.74	0	166.256	0	1501.1	1426.04	3651.1	{1	1	4	4	}	{	103	}
10	1	4	1991.62	0	158.383	0	1501.1	1426.04	3651.1	{1	1	4	4	}	{	103	}
11	1	4	2003.14	0	146.859	0	1501.1	1426.04	3651.1	{1	1	4	4	}	{	103	}
12	1	4	2021.47	0	128.527	0	1501.1	1426.04	3651.1	{1	1	4	4	}	{	103	}
13	1	4	2035.59	0	772.407	0	1324.1	1257.9	4132.1	{1	1	2	2	4	4	}	{	203	303	}
14	1	4	2037.31	0	112.686	0	1501.1	1426.04	3651.1	{1	1	4	4	}	{	103	}
15	1	4	2042.22	0	107.781	0	1501.1	1426.04	3651.1	{1	1	4	4	}	{	103	}
16	1	4	2046.94	0	103.065	0	1501.1	1426.04	3651.1	{1	1	4	4	}	{	103	}
17	1	4	2056.85	0	93.1522	0	1501.1	1426.04	3651.1	{1	1	4	4	}	{	103	}
18	1	4	2065.34	0	84.6619	0	1501.1	1426.04	3651.1	{1	1	4	4	}	{	103	}
19	1	4	2071.44	0	78.5634	0	1501.1	1426.04	3651.1	{1	1	4	4	}	{	103	}
20	1	4	2126.5	0	23.4994	0	1501.1	1426.04	3651.1	{1	1	4	4	}	{	103	}
21	1	4	2146.64	0	3.35672	0	1501.1	1426.04	3651.1	{1	1	4	4	}	{	103	}
22	1	4	2146.82	0	3.17532	0	1501.1	1426.04	3651.1	{1	1	4	4	}	{	103	}
23	1	4	2147.26	0	2.73921	0	1501.1	1426.04	3651.1	{1	1	4	4	}	{	103	}
24	1	4	2158.75	0	351.248	0	1501.1	1426.04	4011.1	{1	1	4	4	}	{	104	}
25	1	4	2177.34	0	332.662	0	1501.1	1426.04	4011.1	{1	1	4	4	}	{	104	}
26	1	4	2179	0	331.001	0	1501.1	1426.04	4011.1	{1	1	4	4	}	{	104	}
27	1	4	2208.48	0	301.518	0	1501.1	1426.04	4011.1	{1	1	4	4	}	{	104	}
28	1	4	2209.53	0	598.472	0	1324.1	1257.9	4132.1	{1	1	2	2	4	4	}	{	204	303	}
29	1	4	2215.43	0	294.565	0	1501.1	1426.04	4011.1	{1	1	4	4	}	{	104	}
30	1	4	2225.98	0	284.023	0	1501.1	1426.04	4011.1	{1	1	4	4	}	{	104	}
31	1	4	2287.02	0	222.98	0	1501.1	1426.04	4011.1	{1	1	4	4	}	{	104	}
32	1	4	2358.27	0	151.731	0	1501.1	1426.04	4011.1	{1	1	4	4	}	{	104	}
33	1	4	2361.9	0	148.098	0	1501.1	1426.04	4011.1	{1	1	4	4	}	{	104	}
34	1	4	2371.09	0	138.907	0	1501.1	1426.04	4011.1	{1	1	4	4	}	{	104	}
35	1	4	2381.31	0	128.69	0	1501.1	1426.04	4011.1	{1	1	4	4	}	{	104	}
36	1	4	2388.47	0	121.529	0	1501.1	1426.04	4011.1	{1	1	4	4	}	{	104	}
37	1	4	2399.71	0	110.289	0	1501.1	1426.04	4011.1	{1	1	4	4	}	{	104	}
38	1	4	2406.31	0	103.694	0	1501.1	1426.04	4011.1	{1	1	4	4	}	{	104	}
39	1	4	2450.2	0	59.798	0	1501.1	1426.04	4011.1	{1	1	4	4	}	{	104	}
40	1	4	2452.91	0	57.0924	0	1501.1	1426.04	4011.1	{1	1	4	4	}	{	104	}
41	1	4	2469.2	0	338.797	0	1324.1	1257.9	4132.1	{1	1	2	2	4	4	}	{	204	303	}
42	1	4	2495.11	0	14.8884	0	1501.1	1426.04	4011.1	{1	1	4	4	}	{	104	}
43	1	4	2516.57	0	353.43	0	1501.1	1426.05	4371.1	{1	1	4	4	}	{	105	}
44	1	4	2527.36	0	342.64	0	1501.1	1426.05	4371.1	{1	1	4	4	}	{	105	}
45	1	4	2540.37	0	329.626	0	1501.1	1426.05	4371.1	{1	1	4	4	}	{	105	}
46	1	4	2557.03	0	312.967	0	1501.1	1426.05	4371.1	{1	1	4	4	}	{	105	}
47	1	4	2559.6	0	310.398	0	1501.1	1426.05	4371.1	{1	1	4	4	}	{	105	}
48	1	4	2564.68	0	1143.32	0	1324.1	1257.9	5032.1	{1	1	2	2	4	4	}	{	205	304	}
49	1	4	2577.79	0	1130.21	0	1324.1	1257.9	5032.1	{1	1	2	2	4	4	}	{	205	304	}
50	1	4	2578.65	0	291.354	0	1501.1	1426.05	4371.1	{1	1	4	4	}	{	105	}
51	1	4	2624.77	0	245.235	0	1501.1	1426.05	4371.1	{1	1	4	4	}	{	105	}
52	1	4	2642.68	0	227.321	0	1501.1	1426.05	4371.1	{1	1	4	4	}	{	105	}
53	1	4	2672.52	0	197.485	0	1501.1	1426.05	4371.1	{1	1	4	4	}	{	105	}
54	1	4	2680.95	0	189.055	0	1501.1	1426.05	4371.1	{1	1	4	4	}	{	105	}
55	1	4	2695.86	0	174.142	0	1501.1	1426.05	4371.1	{1	1	4	4	}	{	105	}
56	1	4	2721.76	0	148.245	0	1501.1	1426.05	4371.1	{1	1	4	4	}	{	105	}
57	1	4	2722.13	0	985.871	0	1324.1	1257.9	5032.1	{1	1	2	2	4	4	}	{	205	304	}
58	1	4	2725.13	0	144.869	0	1501.1	1426.05	4371.1	{1	1	4	4	}	{	105	}
59	1	4	2729.07	0	978.934	0	1324.1	1257.9	5032.1	{1	1	2	2	4	4	}	{	205	304	}
60	1	4	2746.52	0	123.479	0	1501.1	1426.05	4371.1	{1	1	4	4	}	{	105	}
61	1	4	2749.69	0	958.313	0	1324.1	1257.9	5032.1	{1	1	2	2	4	4	}	{	205	304	}
62	1	4	2752.45	0	117.545	0	1501.1	1426.05	4371.1	{1	1	4	4	}	{	105	}
63	1	4	2777.93	0	930.065	0	1324.1	1257.9	5032.1	{1	1	2	2	4	4	}	{	205	304	}
64	1	4	2780.8	0	89.1951	0	1501.1	1426.05	4371.1	{1	1	4	4	}	{	105	}
65	1	4	2814.17	0	55.8276	0	1501.1	1426.05	4371.1	{1	1	4	4	}	{	105	}
66	1	4	2823.56	0	46.4428	0	1501.1	1426.05	4371.1	{1	1	4	4	}	{	105	}
67	1	4	2835.33	0	34.6723	0	1501.1	1426.05	4371.1	{1	1	4	4	}	{	105	}
68	1	4	2864.92	0	843.079	0	1324.1	1257.9	5032.1	{1	1	2	2	4	4	}	{	205	304	}
69	1	4	2885.04	0	344.957	0	1501.1	1426.05	4731.1	{1	1	4	4	}	{	106	}
70	1	4	2907.02	0	322.981	0	1501.1	1426.05	4731.1	{1	1	4	4	}	{	106	}
71	1	4	2919.82	0	310.183	0	1501.1	1426.05	4731.1	{1	1	4	4	}	{	106	}
72	1	4	2935.11	0	294.895	0	1501.1	1426.05	4731.1	{1	1	4	4	}	{	106	}
73	1	4	2945.35	0	762.651	0	1324.1	1257.9	5032.1	{1	1	2	2	4	4	}	{	206	304	}
74	1	4	2957.48	0	750.516	0	1324.1	1257.9	5032.1	{1	1	2	2	4	4	}	{	206	304	}
75	1	4	2961.08	0	268.918	0	1501.1	1426.05	4731.1	{1	1	4	4	}	{	106	}
76	1	4	2971.33	0	258.668	0	1501.1	1426.05	4731.1	{1	1	4	4	}	{	106	}
77	1	4	2985.98	0	722.021	0	1324.1	1257.9	5032.1	{1	1	2	2	4	4	}	{	206	304	}
78	1	4	3011.36	0	696.644	0	1324.1	1257.9	5032.1	{1	1	2	2	4	4	}	{	206	304	}
79	1	4	3029.13	0	678.875	0	1324.1	1257.9	5032.1	{1	1	2	2	4	4	}	{	206	304	}
80	1	4	3038.21	0	669.785	0	1324.1	1257.9	5032.1	{1	1	2	2	4	4	}	{	206	304	}
81	1	4	3047.5	0	660.497	0	1324.1	1257.9	5032.1	{1	1	2	2	4	4	}	{	206	304	}
82	1	4	3054.43	0	175.568	0	1501.1	1426.05	4731.1	{1	1	4	4	}	{	106	}
83	1	4	3070.52	0	159.484	0	1501.1	1426.05	4731.1	{1	1	4	4	}	{	106	}
84	1	4	3111.48	0	118.522	0	1501.1	1426.05	4731.1	{1	1	4	4	}	{	106	}
85	1	4	3117.9	0	112.095	0	1501.1	1426.05	4731.1	{1	1	4	4	}	{	106	}
86	1	4	3190.34	0	39.6638	0	1501.1	1426.05	4731.1	{1	1	4	4	}	{	106	}
87	1	4	3222.32	0	7.68335	0	1501.1	1426.05	4731.1	{1	1	4	4	}	{	106	}
88	1	4	3244.54	0	345.455	0	1501.1	1426.05	5091.1	{1	1	4	4	}	{	107	}
89	1	4	3270.67	0	319.334	0	1501.1	1426.05	5091.1	{1	1	4	4	}	{	107	}
90	1	4	3277.11	0	312.892	0	1501.1	1426.05	5091.1	{1	1	4	4	}	{	107	}
91	1	4	3289.61	0	300.387	0	1501.1	1426.05	5091.1	{1	1	4	4	}	{	107	}
92	1	4	3332.75	0	257.25	0	1501.1	1426.05	5091.1	{1	1	4	4	}	{	107	}
93	1	4	3341.64	0	248.363	0	1501.1	1426.05	5091.1	{1	1	4	4	}	{	107	}
94	1	4	3356.07	0	233.93	0	1501.1	1426.05	5091.1	{1	1	4	4	}	{	107	}
95	1	4	3384.99	0	323.015	0	1324.1	1257.9	5032.1	{1	1	2	2	4	4	}	{	207	304	}
96	1	4	3401.94	0	188.058	0	1501.1	1426.05	5091.1	{1	1	4	4	}	{	107	}
97	1	4	3403.75	0	186.251	0	1501.1	1426.05	5091.1	{1	1	4	4	}	{	107	}
98	1	4	3418.01	0	171.986	0	1501.1	1426.05	5091.1	{1	1	4	4	}	{	107	}
99	1	4	3432.48	0	157.523	0	1501.1	1426.05	5091.1	{1	1	4	4	}	{	107	}
100	1	4	3476.35	0	113.652	0	1501.1	1426.05	5091.1	{1	1	4	4	}	{	107	}
101	1	4	3483.78	0	106.222	0	1501.1	1426.05	5091.1	{1	1	4	4	}	{	107	}
102	1	4	3492.99	0	97.0052	0	1501.1	1426.05	5091.1	{1	1	4	4	}	{	107	}
103	1	4	3504.3	0	85.7025	0	1501.1	1426.05	5091.1	{1	1	4	4	}	{	107	}
104	1	4	3561.67	0	28.3346	0	1501.1	1426.05	5091.1	{1	1	4	4	}	{	107	}
0	1	4	1808.54	0	458.46	0	964.1	915.895	3231.1	{1	1	3	3	4	4	}	{	203	410	}
1	1	4	1832.31	0	434.686	0	964.1	915.895	3231.1	{1	1	3	3	4	4	}	{	203	410	}
2	1	4	1835.14	0	431.861	0	964.1	915.895	3231.1	{1	1	3	3	4	4	}	{	203	410	}
3	1	4	1864.25	0	402.753	0	964.1	915.895	3231.1	{1	1	3	3	4	4	}	{	203	410	}
4	1	4	1874.53	0	392.472	0	964.1	915.895	3231.1	{1	1	3	3	4	4	}	{	203	410	}
5	1	4	1900.12	0	366.883	0	964.1	915.895	3231.1	{1	1	3	3	4	4	}	{	203	410	}
6	1	4	1900.48	0	366.519	0	964.1	915.895	3231.1	{1	1	3	3	4	4	}	{	203	410	}
7	1	4	1960.85	0	306.152	0	964.1	915.895	3231.1	{1	1	3	3	4	4	}	{	203	410	}
8	1	4	1985.94	0	281.059	0	964.1	915.895	3231.1	{1	1	3	3	4	4	}	{	203	410	}
9	1	4	1993.81	0	273.192	0	964.1	915.895	3231.1	{1	1	3	3	4	4	}	{	203	410	}
10	1	4	2009.58	0	257.416	0	964.1	915.895	3231.1	{1	1	3	3	4	4	}	{	203	410	}
11	1	4	2046.02	0	220.975	0	964.1	915.895	3231.1	{1	1	3	3	4	4	}	{	203	410	}
12	1	4	2051.66	0	215.336	0	964.1	915.895	3231.1	{1	1	3	3	4	4	}	{	203	410	}
13	1	4	2060.41	0	206.595	0	964.1	915.895	3231.1	{1	1	3	3	4	4	}	{	203	410	}
14	1	4	2060.98	0	206.023	0	964.1	915.895	3231.1	{1	1	3	3	4	4	}	{	203	410	}
15	1	4	2088.6	0	178.399	0	964.1	915.895	3231.1	{1	1	3	3	4	4	}	{	203	410	}
16	1	4	2096.48	0	170.518	0	964.1	915.895	3231.1	{1	1	3	3	4	4	}	{	203	410	}
17	1	4	2123.71	0	143.289	0	964.1	915.895	3231.1	{1	1	3	3	4	4	}	{	203	410	}
18	1	4	2136.5	0	130.5	0	964.1	915.895	3231.1	{1	1	3	3	4	4	}	{	203	410	}
19	1	4	2174.75	0	335.251	0	1501.1	1426.04	4011.1	{1	1	4	4	}	{	104	}
20	1	4	2183.97	0	443.033	0	964.1	915.895	3591.1	{1	1	3	3	4	4	}	{	204	412	}
21	1	4	2186.73	0	323.272	0	1501.1	1426.04	4011.1	{1	1	4	4	}	{	104	}
22	1	4	2217.27	0	409.734	0	964.1	915.895	3591.1	{1	1	3	3	4	4	}	{	204	412	}
23	1	4	2218.22	0	291.783	0	1501.1	1426.04	4011.1	{1	1	4	4	}	{	104	}
24	1	4	2243.16	0	383.843	0	964.1	915.895	3591.1	{1	1	3	3	4	4	}	{	204	412	}
25	1	4	2263.99	0	363.009	0	964.1	915.895	3591.1	{1	1	3	3	4	4	}	{	204	412	}
26	1	4	2271.75	0	355.246	0	964.1	915.895	3591.1	{1	1	3	3	4	4	}	{	204	412	}
27	1	4	2288.02	0	338.983	0	964.1	915.895	3591.1	{1	1	3	3	4	4	}	{	204	412	}
28	1	4	2304.78	0	322.216	0	964.1	915.895	3591.1	{1	1	3	3	4	4	}	{	204	412	}
29	1	4	2324.96	0	185.043	0	1501.1	1426.04	4011.1	{1	1	4	4	}	{	104	}
30	1	4	2346.17	0	163.827	0	1501.1	1426.04	4011.1	{1	1	4	4	}	{	104	}
31	1	4	2350.13	0	276.868	0	964.1	915.895	3591.1	{1	1	3	3	4	4	}	{	204	412	}
32	1	4	2387.21	0	239.791	0	964.1	915.895	3591.1	{1	1	3	3	4	4	}	{	204	412	}
33	1	4	2402.36	0	224.638	0	964.1	915.895	3591.1	{1	1	3	3	4	4	}	{	204	412	}
34	1	4	2404.84	0	222.163	0	964.1	915.895	3591.1	{1	1	3	3	4	4	}	{	204	412	}
35	1	4	2427.84	0	199.157	0	964.1	915.895	3591.1	{1	1	3	3	4	4	}	{	204	412	}
36	1	4	2440.45	0	186.546	0	964.1	915.895	3591.1	{1	1	3	3	4	4	}	{	204	412	}
37	1	4	2448.23	0	178.767	0	964.1	915.895	3591.1	{1	1	3	3	4	4	}	{	204	412	}
38	1	4	2456.45	0	170.547	0	964.1	915.895	3591.1	{1	1	3	3	4	4	}	{	204	412	}
39	1	4	2460.86	0	49.1356	0	1501.1	1426.04	4011.1	{1	1	4	4	}	{	104	}
40	1	4	2461.49	0	165.512	0	964.1	915.895	3591.1	{1	1	3	3	4	4	}	{	204	412	}
41	1	4	2463.88	0	163.119	0	964.1	915.895	3591.1	{1	1	3	3	4	4	}	{	204	412	}
42	1	4	2465.43	0	161.565	0	964.1	915.895	3591.1	{1	1	3	3	4	4	}	{	204	412	}
43	1	4	2501.07	0	8.93019	0	1501.1	1426.04	4011.1	{1	1	4	4	}	{	104	}
44	1	4	2509.66	0	117.339	0	964.1	915.895	3591.1	{1	1	3	3	4	4	}	{	204	412	}
45	1	4	2515.28	0	471.719	0	964.1	915.895	3951.1	{1	1	3	3	4	4	}	{	205	414	}
46	1	4	2525.84	0	461.162	0	964.1	915.895	3951.1	{1	1	3	3	4	4	}	{	205	414	}
47	1	4	2526.95	0	460.053	0	964.1	915.895	3951.1	{1	1	3	3	4	4	}	{	205	414	}
48	1	4	2548.32	0	438.685	0	964.1	915.895	3951.1	{1	1	3	3	4	4	}	{	205	414	}
49	1	4	2582.19	0	404.807	0	964.1	915.895	3951.1	{1	1	3	3	4	4	}	{	205	414	}
50	1	4	2667.44	0	319.564	0	964.1	915.895	3951.1	{1	1	3	3	4	4	}	{	205	414	}
51	1	4	2675.16	0	311.839	0	964.1	915.895	3951.1	{1	1	3	3	4	4	}	{	205	414	}
52	1	4	2714.48	0	155.524	0	1501.1	1426.05	4371.1	{1	1	4	4	}	{	105	}
53	1	4	2716.02	0	270.981	0	964.1	915.895	3951.1	{1	1	3	3	4	4	}	{	205	414	}
54	1	4	2731.1	0	255.896	0	964.1	915.895	3951.1	{1	1	3	3	4	4	}	{	205	414	}
55	1	4	2737	0	249.995	0	964.1	915.895	3951.1	{1	1	3	3	4	4	}	{	205	414	}
56	1	4	2752.62	0	234.377	0	964.1	915.895	3951.1	{1	1	3	3	4	4	}	{	205	414	}
57	1	4	2761.29	0	225.714	0	964.1	915.895	3951.1	{1	1	3	3	4	4	}	{	205	414	}
58	1	4	2775.28	0	211.723	0	964.1	915.895	3951.1	{1	1	3	3	4	4	}	{	205	414	}
59	1	4	2792	0	195.004	0	964.1	915.895	3951.1	{1	1	3	3	4	4	}	{	205	414	}
60	1	4	2792.69	0	194.31	0	964.1	915.895	3951.1	{1	1	3	3	4	4	}	{	205	414	}
61	1	4	2817.93	0	169.068	0	964.1	915.895	3951.1	{1	1	3	3	4	4	}	{	205	414	}
62	1	4	2845.03	0	141.972	0	964.1	915.895	3951.1	{1	1	3	3	4	4	}	{	205	414	}
63	1	4	2860.74	0	126.262	0	964.1	915.895	3951.1	{1	1	3	3	4	4	}	{	205	414	}
64	1	4	2900.05	0	446.946	0	964.1	915.895	4311.1	{1	1	3	3	4	4	}	{	206	416	}
65	1	4	2904.54	0	442.457	0	964.1	915.895	4311.1	{1	1	3	3	4	4	}	{	206	416	}
66	1	4	2922.08	0	424.925	0	964.1	915.895	4311.1	{1	1	3	3	4	4	}	{	206	416	}
67	1	4	2931.74	0	415.256	0	964.1	915.895	4311.1	{1	1	3	3	4	4	}	{	206	416	}
68	1	4	2947.38	0	399.625	0	964.1	915.895	4311.1	{1	1	3	3	4	4	}	{	206	416	}
69	1	4	2987.61	0	359.394	0	964.1	915.895	4311.1	{1	1	3	3	4	4	}	{	206	416	}
70	1	4	3004.03	0	342.973	0	964.1	915.895	4311.1	{1	1	3	3	4	4	}	{	206	416	}
71	1	4	3013.25	0	333.748	0	964.1	915.895	4311.1	{1	1	3	3	4	4	}	{	206	416	}
72	1	4	3072.85	0	274.151	0	964.1	915.895	4311.1	{1	1	3	3	4	4	}	{	206	416	}
73	1	4	3073.67	0	273.328	0	964.1	915.895	4311.1	{1	1	3	3	4	4	}	{	206	416	}
74	1	4	3074.51	0	272.494	0	964.1	915.895	4311.1	{1	1	3	3	4	4	}	{	206	416	}
75	1	4	3085.77	0	261.231	0	964.1	915.895	4311.1	{1	1	3	3	4	4	}	{	206	416	}
76	1	4	3100.98	0	246.016	0	964.1	915.895	4311.1	{1	1	3	3	4	4	}	{	206	416	}
77	1	4	3113.54	0	233.455	0	964.1	915.895	4311.1	{1	1	3	3	4	4	}	{	206	416	}
78	1	4	3185.58	0	161.424	0	964.1	915.895	4311.1	{1	1	3	3	4	4	}	{	206	416	}
79	1	4	3195.11	0	151.894	0	964.1	915.895	4311.1	{1	1	3	3	4	4	}	{	206	416	}
80	1	4	3200.64	0	146.356	0	964.1	915.895	4311.1	{1	1	3	3	4	4	}	{	206	416	}
81	1	4	3216.59	0	130.406	0	964.1	915.895	4311.1	{1	1	3	3	4	4	}	{	206	416	}
82	1	4	3223.13	0	123.87	0	964.1	915.895	4311.1	{1	1	3	3	4	4	}	{	206	416	}
83	1	4	3223.94	0	123.062	0	964.1	915.895	4311.1	{1	1	3	3	4	4	}	{	206	416	}
84	1	4	3227.72	0	119.284	0	964.1	915.895	4311.1	{1	1	3	3	4	4	}	{	206	416	}
85	1	4	3229.34	0	117.66	0	964.1	915.895	4311.1	{1	1	3	3	4	4	}	{	206	416	}
86	1	4	3258	0	448.998	0	964.1	915.895	4671.1	{1	1	3	3	4	4	}	{	207	418	}
87	1	4	3259.3	0	447.704	0	964.1	915.895	4671.1	{1	1	3	3	4	4	}	{	207	418	}
88	1	4	3259.33	0	330.673	0	1501.1	1426.05	5091.1	{1	1	4	4	}	{	107	}
89	1	4	3278.65	0	428.353	0	964.1	915.895	4671.1	{1	1	3	3	4	4	}	{	207	418	}
90	1	4	3322.04	0	384.956	0	964.1	915.895	4671.1	{1	1	3	3	4	4	}	{	207	418	}
91	1	4	3335.9	0	254.1	0	1501.1	1426.05	5091.1	{1	1	4	4	}	{	107	}
92	1	4	3336.65	0	370.35	0	964.1	915.895	4671.1	{1	1	3	3	4	4	}	{	207	418	}
93	1	4	3348.11	0	358.895	0	964.1	915.895	4671.1	{1	1	3	3	4	4	}	{	207	418	}
94	1	4	3356.93	0	350.067	0	964.1	915.895	4671.1	{1	1	3	3	4	4	}	{	207	418	}
95	1	4	3359.09	0	230.905	0	1501.1	1426.05	5091.1	{1	1	4	4	}	{	107	}
96	1	4	3377.68	0	329.32	0	964.1	915.895	4671.1	{1	1	3	3	4	4	}	{	207	418	}
97	1	4	3379.68	0	210.321	0	1501.1	1426.05	5091.1	{1	1	4	4	}	{	107	}
98	1	4	3381.21	0	325.79	0	964.1	915.895	4671.1	{1	1	3	3	4	4	}	{	207	418	}
99	1	4	3383.17	0	323.834	0	964.1	915.895	4671.1	{1	1	3	3	4	4	}	{	207	418	}
100	1	4	3393.72	0	313.276	0	964.1	915.895	4671.1	{1	1	3	3	4	4	}	{	207	418	}
101	1	4	3426.33	0	280.673	0	964.1	915.895	4671.1	{1	1	3	3	4	4	}	{	207	418	}
102	1	4	3431.83	0	276.166	0	1324.1	1257.9	5032.1	{1	1	2	2	4	4	}	{	207	304	}
103	1	4	3445.94	0	261.064	0	964.1	915.895	4671.1	{1	1	3	3	4	4	}	{	207	418	}
104	1	4	3447.48	0	259.525	0	964.1	915.895	4671.1	{1	1	3	3	4	4	}	{	207	418	}
105	1	4	3470.68	0	236.317	0	964.1	915.895	4671.1	{1	1	3	3	4	4	}	{	207	418	}
106	1	4	3479.97	0	110.029	0	1501.1	1426.05	5091.1	{1	1	4	4	}	{	107	}
107	1	4	3482.59	0	224.406	0	964.1	915.895	4671.1	{1	1	3	3	4	4	}	{	207	418	}
108	1	4	3530.9	0	176.099	0	964.1	915.895	4671.1	{1	1	3	3	4	4	}	{	207	418	}
109	1	4	3550.09	0	156.915	0	964.1	915.895	4671.1	{1	1	3	3	4	4	}	{	207	418	}
110	1	4	3552.68	0	154.319	0	964.1	915.895	4671.1	{1	1	3	3	4	4	}	{	207	418	}
111	1	4	3578.02	0	128.981	0	964.1	915.895	4671.1	{1	1	3	3	4	4	}	{	207	418	}
112	1	4	3614.82	0	452.184	0	964.1	915.895	5031.1	{1	1	3	3	4	4	}	{	208	420	}
113	1	4	3663.33	0	403.669	0	964.1	915.895	5031.1	{1	1	3	3	4	4	}	{	208	420	}
114	1	4	3682.96	0	384.043	0	964.1	915.895	5031.1	{1	1	3	3	4	4	}	{	208	420	}
115	1	4	3683.56	0	383.437	0	964.1	915.895	5031.1	{1	1	3	3	4	4	}	{	208	420	}
116	1	4	3705.23	0	361.767	0	964.1	915.895	5031.1	{1	1	3	3	4	4	}	{	208	420	}
117	1	4	3715.29	0	351.714	0	964.1	915.895	5031.1	{1	1	3	3	4	4	}	{	208	420	}
118	1	4	3734.29	0	332.706	0	964.1	915.895	5031.1	{1	1	3	3	4	4	}	{	208	420	}
119	1	4	3747.26	0	319.737	0	964.1	915.895	5031.1	{1	1	3	3	4	4	}	{	208	420	}
120	1	4	3793.59	0	273.406	0	964.1	915.895	5031.1	{1	1	3	3	4	4	}	{	208	420	}
121	1	4	3798.72	0	268.282	0	964.1	915.895	5031.1	{1	1	3	3	4	4	}	{	208	420	}
122	1	4	3802.63	0	264.369	0	964.1	915.895	5031.1	{1	1	3	3	4	4	}	{	208	420	}
123	1	4	3807.56	0	259.437	0	964.1	915.895	5031.1	{1	1	3	3	4	4	}	{	208	420	}
124	1	4	3818.29	0	248.705	0	964.1	915.895	5031.1	{1	1	3	3	4	4	}	{	208	420	}
125	1	4	3825.79	0	241.21	0	964.1	915.895	5031.1	{1	1	3	3	4	4	}	{	208	420	}
126	1	4	3870.74	0	196.259	0	964.1	915.895	5031.1	{1	1	3	3	4	4	}	{	208	420	}
127	1	4	3871.13	0	195.866	0	964.1	915.895	5031.1	{1	1	3	3	4	4	}	{	208	420	}
128	1	4	3879.43	0	187.572	0	964.1	915.895	5031.1	{1	1	3	3	4	4	}	{	208	420	}
129	1	4	3889.09	0	177.91	0	964.1	915.895	5031.1	{1	1	3	3	4	4	}	{	208	420	}
130	1	4	3897.84	0	169.162	0	964.1	915.895	5031.1	{1	1	3	3	4	4	}	{	208	420	}
131	1	4	3904.03	0	162.965	0	964.1	915.895	5031.1	{1	1	3	3	4	4	}	{	208	420	}
132	1	4	3917.04	0	149.963	0	964.1	915.895	5031.1	{1	1	3	3	4	4	}	{	208	420	}
133	1	4	3962.93	0	464.072	0	964.1	915.895	5391.1	{1	1	3	3	4	4	}	{	209	422	}
134	1	4	3964.33	0	462.673	0	964.1	915.895	5391.1	{1	1	3	3	4	4	}	{	209	422	}
135	1	4	3973.47	0	453.533	0	964.1	915.895	5391.1	{1	1	3	3	4	4	}	{	209	422	}
137	1	4	4006.3	0	420.702	0	964.1	915.895	5391.1	{1	1	3	3	4	4	}	{	209	422	}
140	1	4	4051.71	0	375.294	0	964.1	915.895	5391.1	{1	1	3	3	4	4	}	{	209	422	}
142	1	4	4076.95	0	350.055	0	964.1	915.895	5391.1	{1	1	3	3	4	4	}	{	209	422	}
145	1	4	4139.41	0	287.593	0	964.1	915.895	5391.1	{1	1	3	3	4	4	}	{	209	422	}
146	1	4	4148.65	0	278.35	0	964.1	915.895	5391.1	{1	1	3	3	4	4	}	{	209	422	}
147	1	4	4154.97	0	272.033	0	964.1	915.895	5391.1	{1	1	3	3	4	4	}	{	209	422	}
148	1	4	4192.47	0	234.535	0	964.1	915.895	5391.1	{1	1	3	3	4	4	}	{	209	422	}
149	1	4	4217.24	0	209.762	0	964.1	915.895	5391.1	{1	1	3	3	4	4	}	{	209	422	}
150	1	4	4217.83	0	209.173	0	964.1	915.895	5391.1	{1	1	3	3	4	4	}	{	209	422	}
151	1	4	4219.3	0	207.696	0	964.1	915.895	5391.1	{1	1	3	3	4	4	}	{	209	422	}
154	1	4	4245.72	0	181.284	0	964.1	915.895	5391.1	{1	1	3	3	4	4	}	{	209	422	}
155	1	4	4256.29	0	170.708	0	964.1	915.895	5391.1	{1	1	3	3	4	4	}	{	209	422	}
158	1	4	4298.71	0	128.291	0	964.1	915.895	5391.1	{1	1	3	3	4	4	}	{	209	422	}
159	1	4	4304.26	0	122.745	0	964.1	915.895	5391.1	{1	1	3	3	4	4	}	{	209	422	}
0	1	4	1853.66	0	296.335	0	1501.1	1426.04	3651.1	{1	1	4	4	}	{	103	}
1	1	4	1868.51	0	281.495	0	1501.1	1426.04	3651.1	{1	1	4	4	}	{	103	}
2	1	4	1889	0	260.998	0	1501.1	1426.04	3651.1	{1	1	4	4	}	{	103	}
3	1	4	1931.06	0	218.937	0	1501.1	1426.04	3651.1	{1	1	4	4	}	{	103	}
4	1	4	1968.5	0	181.496	0	1501.1	1426.04	3651.1	{1	1	4	4	}	{	103	}
5	1	4	2013.24	0	136.763	0	1501.1	1426.04	3651.1	{1	1	4	4	}	{	103	}
6	1	4	2023.61	0	126.389	0	1501.1	1426.04	3651.1	{1	1	4	4	}	{	103	}
7	1	4	2031.06	0	118.935	0	1501.1	1426.04	3651.1	{1	1	4	4	}	{	103	}
8	1	4	2053.46	0	96.54	0	1501.1	1426.04	3651.1	{1	1	4	4	}	{	103	}
9	1	4	2061.54	0	88.462	0	1501.1	1426.04	3651.1	{1	1	4	4	}	{	103	}
10	1	4	2071.36	0	78.643	0	1501.1	1426.04	3651.1	{1	1	4	4	}	{	103	}
11	1	4	2084.11	0	65.8933	0	1501.1	1426.04	3651.1	{1	1	4	4	}	{	103	}
12	1	4	2120.86	0	29.1401	0	1501.1	1426.04	3651.1	{1	1	4	4	}	{	103	}
13	1	4	2166.02	0	343.977	0	1501.1	1426.04	4011.1	{1	1	4	4	}	{	104	}
14	1	4	2176.14	0	333.861	0	1501.1	1426.04	4011.1	{1	1	4	4	}	{	104	}
15	1	4	2245.97	0	264.034	0	1501.1	1426.04	4011.1	{1	1	4	4	}	{	104	}
16	1	4	2256.08	0	253.915	0	1501.1	1426.04	4011.1	{1	1	4	4	}	{	104	}
17	1	4	2318.14	0	191.857	0	1501.1	1426.04	4011.1	{1	1	4	4	}	{	104	}
18	1	4	2318.59	0	191.407	0	1501.1	1426.04	4011.1	{1	1	4	4	}	{	104	}
19	1	4	2336.08	0	173.924	0	1501.1	1426.04	4011.1	{1	1	4	4	}	{	104	}
20	1	4	2364.43	0	145.574	0	1501.1	1426.04	4011.1	{1	1	4	4	}	{	104	}
21	1	4	2389.76	0	120.243	0	1501.1	1426.04	4011.1	{1	1	4	4	}	{	104	}
22	1	4	2400.93	0	109.066	0	1501.1	1426.04	4011.1	{1	1	4	4	}	{	104	}
23	1	4	2402.06	0	107.941	0	1501.1	1426.04	4011.1	{1	1	4	4	}	{	104	}
24	1	4	2435.26	0	74.7351	0	1501.1	1426.04	4011.1	{1	1	4	4	}	{	104	}
25	1	4	2438.57	0	71.4336	0	1501.1	1426.04	4011.1	{1	1	4	4	}	{	104	}
26	1	4	2442.71	0	67.2908	0	1501.1	1426.04	4011.1	{1	1	4	4	}	{	104	}
27	1	4	2445.75	0	64.2504	0	1501.1	1426.04	4011.1	{1	1	4	4	}	{	104	}
28	1	4	2448.33	0	61.6694	0	1501.1	1426.04	4011.1	{1	1	4	4	}	{	104	}
29	1	4	2449.7	0	60.2974	0	1501.1	1426.04	4011.1	{1	1	4	4	}	{	104	}
30	1	4	2465.85	0	44.1461	0	1501.1	1426.04	4011.1	{1	1	4	4	}	{	104	}
31	1	4	2473.08	0	36.9238	0	1501.1	1426.04	4011.1	{1	1	4	4	}	{	104	}
32	1	4	2551.31	0	318.693	0	1501.1	1426.05	4371.1	{1	1	4	4	}	{	105	}
33	1	4	2567.23	0	302.767	0	1501.1	1426.05	4371.1	{1	1	4	4	}	{	105	}
34	1	4	2576.11	0	293.893	0	1501.1	1426.05	4371.1	{1	1	4	4	}	{	105	}
35	1	4	2588.91	0	281.088	0	1501.1	1426.05	4371.1	{1	1	4	4	}	{	105	}
36	1	4	2615.28	0	254.718	0	1501.1	1426.05	4371.1	{1	1	4	4	}	{	105	}
37	1	4	2632.24	0	237.759	0	1501.1	1426.05	4371.1	{1	1	4	4	}	{	105	}
38	1	4	2672.87	0	197.128	0	1501.1	1426.05	4371.1	{1	1	4	4	}	{	105	}
39	1	4	2673.22	0	196.782	0	1501.1	1426.05	4371.1	{1	1	4	4	}	{	105	}
40	1	4	2705.12	0	164.881	0	1501.1	1426.05	4371.1	{1	1	4	4	}	{	105	}
41	1	4	2709.82	0	160.175	0	1501.1	1426.05	4371.1	{1	1	4	4	}	{	105	}
42	1	4	2769.92	0	100.083	0	1501.1	1426.05	4371.1	{1	1	4	4	}	{	105	}
43	1	4	2797.12	0	72.884	0	1501.1	1426.05	4371.1	{1	1	4	4	}	{	105	}
44	1	4	2828.49	0	41.5095	0	1501.1	1426.05	4371.1	{1	1	4	4	}	{	105	}
45	1	4	2830.14	0	39.8608	0	1501.1	1426.05	4371.1	{1	1	4	4	}	{	105	}
46	1	4	2870.54	0	359.462	0	1501.1	1426.05	4731.1	{1	1	4	4	}	{	106	}
47	1	4	2883.98	0	346.022	0	1501.1	1426.05	4731.1	{1	1	4	4	}	{	106	}
48	1	4	2891.85	0	338.147	0	1501.1	1426.05	4731.1	{1	1	4	4	}	{	106	}
49	1	4	2901.07	0	328.93	0	1501.1	1426.05	4731.1	{1	1	4	4	}	{	106	}
50	1	4	2919.17	0	310.83	0	1501.1	1426.05	4731.1	{1	1	4	4	}	{	106	}
51	1	4	2961.47	0	268.529	0	1501.1	1426.05	4731.1	{1	1	4	4	}	{	106	}
52	1	4	2983.37	0	246.627	0	1501.1	1426.05	4731.1	{1	1	4	4	}	{	106	}
53	1	4	3002.67	0	227.333	0	1501.1	1426.05	4731.1	{1	1	4	4	}	{	106	}
54	1	4	3017.85	0	212.154	0	1501.1	1426.05	4731.1	{1	1	4	4	}	{	106	}
55	1	4	3055.11	0	174.89	0	1501.1	1426.05	4731.1	{1	1	4	4	}	{	106	}
56	1	4	3062.92	0	167.085	0	1501.1	1426.05	4731.1	{1	1	4	4	}	{	106	}
57	1	4	3094.32	0	135.685	0	1501.1	1426.05	4731.1	{1	1	4	4	}	{	106	}
58	1	4	3094.98	0	135.017	0	1501.1	1426.05	4731.1	{1	1	4	4	}	{	106	}
59	1	4	3116.56	0	113.44	0	1501.1	1426.05	4731.1	{1	1	4	4	}	{	106	}
60	1	4	3124.26	0	105.74	0	1501.1	1426.05	4731.1	{1	1	4	4	}	{	106	}
61	1	4	3149.35	0	80.6537	0	1501.1	1426.05	4731.1	{1	1	4	4	}	{	106	}
62	1	4	3153.29	0	76.7119	0	1501.1	1426.05	4731.1	{1	1	4	4	}	{	106	}
63	1	4	3165.48	0	64.5158	0	1501.1	1426.05	4731.1	{1	1	4	4	}	{	106	}
64	1	4	3171.86	0	58.1425	0	1501.1	1426.05	4731.1	{1	1	4	4	}	{	106	}
65	1	4	3175.8	0	54.1972	0	1501.1	1426.05	4731.1	{1	1	4	4	}	{	106	}
66	1	4	3177.82	0	52.1847	0	1501.1	1426.05	4731.1	{1	1	4	4	}	{	106	}
67	1	4	3180.72	0	49.2759	0	1501.1	1426.05	4731.1	{1	1	4	4	}	{	106	}
68	1	4	3233.23	0	356.774	0	1501.1	1426.05	5091.1	{1	1	4	4	}	{	107	}
69	1	4	3235.35	0	354.654	0	1501.1	1426.05	5091.1	{1	1	4	4	}	{	107	}
70	1	4	3240.12	0	349.885	0	1501.1	1426.05	5091.1	{1	1	4	4	}	{	107	}
71	1	4	3282.8	0	307.201	0	1501.1	1426.05	5091.1	{1	1	4	4	}	{	107	}
72	1	4	3302.34	0	287.656	0	1501.1	1426.05	5091.1	{1	1	4	4	}	{	107	}
73	1	4	3303.12	0	286.884	0	1501.1	1426.05	5091.1	{1	1	4	4	}	{	107	}
74	1	4	3313.28	0	276.723	0	1501.1	1426.05	5091.1	{1	1	4	4	}	{	107	}
75	1	4	3317.89	0	272.114	0	1501.1	1426.05	5091.1	{1	1	4	4	}	{	107	}
76	1	4	3324.42	0	265.582	0	1501.1	1426.05	5091.1	{1	1	4	4	}	{	107	}
77	1	4	3335.72	0	254.278	0	1501.1	1426.05	5091.1	{1	1	4	4	}	{	107	}
78	1	4	3359.9	0	230.101	0	1501.1	1426.05	5091.1	{1	1	4	4	}	{	107	}
79	1	4	3371.77	0	218.231	0	1501.1	1426.05	5091.1	{1	1	4	4	}	{	107	}
80	1	4	3403.64	0	186.355	0	1501.1	1426.05	5091.1	{1	1	4	4	}	{	107	}
81	1	4	3465.6	0	124.398	0	1501.1	1426.05	5091.1	{1	1	4	4	}	{	107	}
82	1	4	3475.15	0	114.851	0	1501.1	1426.05	5091.1	{1	1	4	4	}	{	107	}
83	1	4	3514.48	0	75.5184	0	1501.1	1426.05	5091.1	{1	1	4	4	}	{	107	}
84	1	4	3527.02	0	62.9808	0	1501.1	1426.05	5091.1	{1	1	4	4	}	{	107	}
85	1	4	3529.86	0	60.1392	0	1501.1	1426.05	5091.1	{1	1	4	4	}	{	107	}
86	1	4	3533.8	0	56.1968	0	1501.1	1426.05	5091.1	{1	1	4	4	}	{	107	}
87	1	4	3557.63	0	32.3735	0	1501.1	1426.05	5091.1	{1	1	4	4	}	{	107	}
88	1	4	3566.99	0	23.0089	0	1501.1	1426.05	5091.1	{1	1	4	4	}	{	107	}
89	1	4	3573.76	0	16.241	0	1501.1	1426.05	5091.1	{1	1	4	4	}	{	107	}
